0.000999000999000999000132505756
0.001998001998001998000265011513
0.002997002997002997000397517269
0.003996003996003996000530023025
0.004995004995004995000662528781
0.005994005994005994000795034538
0.006993006993006993000927540294
0.007992007992007992001060046050
0.008991008991008991868554289795
0.009990009990009990001325057563
0.010989010989010988134095825330
0.011988011988011988001590069075
0.012987012987012987869084312820
0.013986013986013986001855080588
0.014985014985014984134625848355
0.015984015984015984002120092100
0.016983016983016983869614335845
0.017982017982017983737108579589
0.018981018981018980135155871380
0.019980019980019980002650115125
0.020979020979020979870144358870
0.021978021978021976268191650661
0.022977022977022976135685894405
0.023976023976023976003180138150
0.024975024975024975870674381895
0.025974025974025975738168625639
0.026973026973026972136215917430
0.027972027972027972003710161175
0.028971028971028971871204404920
0.029970029970029968269251696711
0.030969030969030968136745940456
0.031968031968031968004240184200
0.032967032967032967871734427945
0.033966033966033967739228671689
0.034965034965034967606722915434
0.035964035964035967474217159179
0.036963036963036960402817499016
0.037962037962037960270311742761
0.038961038961038960137805986506
0.039960039960039960005300230250
0.040959040959040959872794473995
0.041958041958041959740288717740
0.042957042957042959607782961484
0.043956043956043952536383301322
0.044955044955044952403877545066
0.045954045954045952271371788811
0.046953046953046952138866032556
0.047952047952047952006360276300
0.048951048951048951873854520045
0.049950049950049951741348763790
0.050949050949050951608843007534
0.051948051948051951476337251279
0.052947052947052944404937591116
0.053946053946053944272431834861
0.054945054945054944139926078606
0.055944055944055944007420322350
0.056943056943056943874914566095
0.057942057942057943742408809840
0.058941058941058943609903053584
0.059940059940059936538503393422
0.060939060939060936405997637166
0.061938061938061936273491880911
0.062937062937062943079880028563
0.063936063936063936008480368400
0.064935064935064928937080708238
0.065934065934065935743468855890
0.066933066933066928672069195727
0.067932067932067935478457343379
0.068931068931068928407057683216
0.069930069930069935213445830868
0.070929070929070928142046170706
0.071928071928071934948434318358
0.072927072927072927877034658195
0.073926073926073920805634998032
0.074925074925074927612023145684
0.075924075924075920540623485522
0.076923076923076927347011633174
0.077922077922077920275611973011
0.078921078921078927082000120663
0.079920079920079920010600460500
0.080919080919080912939200800338
0.081918081918081919745588947990
0.082917082917082912674189287827
0.083916083916083919480577435479
0.084915084915084912409177775316
0.085914085914085919215565922968
0.086913086913086912144166262806
0.087912087912087905072766602643
0.088911088911088911879154750295
0.089910089910089904807755090133
0.090909090909090911614143237784
0.091908091908091904542743577622
0.092907092907092911349131725274
0.093906093906093904277732065111
0.094905094905094911084120212763
0.095904095904095904012720552601
0.096903096903096896941320892438
0.097902097902097903747709040090
0.098901098901098896676309379927
0.099900099900099903482697527579
0.100899100899100896411297867417
0.101898101898101903217686015068
0.102897102897102896146286354906
0.103896103896103902952674502558
0.104895104895104895881274842395
0.105894105894105888809875182233
0.106893106893106895616263329885
0.107892107892107888544863669722
0.108891108891108895351251817374
0.109890109890109888279852157211
0.110889110889110895086240304863
0.111888111888111888014840644701
0.112887112887112880943440984538
0.113886113886113887749829132190
0.114885114885114880678429472027
0.115884115884115887484817619679
0.116883116883116880413417959517
0.117882117882117887219806107169
0.118881118881118880148406447006
0.119880119880119873077006786843
0.120879120879120879883394934495
0.121878121878121872811995274333
0.122877122877122879618383421985
0.123876123876123872546983761822
0.124875124875124879353371909474
0.125874125874125886159760057126
0.126873126873126879088360396963
0.127872127872127872016960736801
0.128871128871128864945561076638
0.129870129870129857874161416476
0.130869130869130878558337371942
0.131868131868131871486937711779
0.132867132867132864415538051617
0.133866133866133857344138391454
0.134865134865134878028314346921
0.135864135864135870956914686758
0.136863136863136863885515026595
0.137862137862137856814115366433
0.138861138861138849742715706270
0.139860139860139870426891661737
0.140859140859140863355492001574
0.141858141858141856284092341411
0.142857142857142849212692681249
0.143856143856143869896868636715
0.144855144855144862825468976553
0.145854145854145855754069316390
0.146853146853146848682669656228
0.147852147852147841611269996065
0.148851148851148862295445951531
0.149850149850149855224046291369
0.150849150849150848152646631206
0.151848151848151841081246971044
0.152847152847152834009847310881
0.153846153846153854694023266347
0.154845154845154847622623606185
0.155844155844155840551223946022
0.156843156843156833479824285860
0.157842157842157854164000241326
0.158841158841158847092600581163
0.159840159840159840021200921001
0.160839160839160832949801260838
0.161838161838161825878401600676
0.162837162837162846562577556142
0.163836163836163839491177895979
0.164835164835164832419778235817
0.165834165834165825348378575654
0.166833166833166846032554531121
0.167832167832167838961154870958
0.168831168831168831889755210796
0.169830169830169824818355550633
0.170829170829170817746955890470
0.171828171828171838431131845937
0.172827172827172831359732185774
0.173826173826173824288332525612
0.174825174825174817216932865449
0.175824175824175810145533205286
0.176823176823176830829709160753
0.177822177822177823758309500590
0.178821178821178816686909840428
0.179820179820179809615510180265
0.180819180819180830299686135731
0.181818181818181823228286475569
0.182817182817182816156886815406
0.183816183816183809085487155244
0.184815184815184802014087495081
0.185814185814185822698263450548
0.186813186813186815626863790385
0.187812187812187808555464130222
0.188811188811188801484064470060
0.189810189810189822168240425526
0.190809190809190815096840765364
0.191808191808191808025441105201
0.192807192807192800954041445038
0.193806193806193793882641784876
0.194805194805194814566817740342
0.195804195804195807495418080180
0.196803196803196800424018420017
0.197802197802197793352618759855
0.198801198801198814036794715321
0.199800199800199806965395055158
0.200799200799200799893995394996
0.201798201798201792822595734833
0.202797202797202785751196074671
0.203796203796203806435372030137
0.204795204795204799363972369974
0.205794205794205792292572709812
0.206793206793206785221173049649
0.207792207792207805905349005116
0.208791208791208798833949344953
0.209790209790209791762549684790
0.210789210789210784691150024628
0.211788211788211777619750364465
0.212787212787212798303926319932
0.213786213786213791232526659769
0.214785214785214784161126999606
0.215784215784215777089727339444
0.216783216783216770018327679281
0.217782217782217790702503634748
0.218781218781218783631103974585
0.219780219780219776559704314423
0.220779220779220769488304654260
0.221778221778221790172480609726
0.222777222777222783101080949564
0.223776223776223776029681289401
0.224775224775224768958281629239
0.225774225774225761886881969076
0.226773226773226782571057924542
0.227772227772227775499658264380
0.228771228771228768428258604217
0.229770229770229761356858944055
0.230769230769230782041034899521
0.231768231768231774969635239358
0.232767232767232767898235579196
0.233766233766233760826835919033
0.234765234765234753755436258871
0.235764235764235774439612214337
0.236763236763236767368212554175
0.237762237762237760296812894012
0.238761238761238753225413233849
0.239760239760239746154013573687
0.240759240759240766838189529153
0.241758241758241759766789868991
0.242757242757242752695390208828
0.243756243756243745623990548665
0.244755244755244766308166504132
0.245754245754245759236766843969
0.246753246753246752165367183807
0.247752247752247745093967523644
0.248751248751248738022567863482
0.249750249750249758706743818948
0.250749250749250751635344158785
0.251748251748251772319520114252
0.252747252747252737492544838460
0.253746253746253758176720793927
0.254745254745254723349745518135
0.255744255744255744033921473601
0.256743256743256764718097429068
0.257742257742257729891122153276
0.258741258741258750575298108743
0.259740259740259715748322832951
0.260739260739260736432498788417
0.261738261738261757116674743884
0.262737262737262722289699468092
0.263736263736263742973875423559
0.264735264735264708146900147767
0.265734265734265728831076103233
0.266733266733266749515252058700
0.267732267732267714688276782908
0.268731268731268735372452738375
0.269730269730269756056628693841
0.270729270729270721229653418050
0.271728271728271741913829373516
0.272727272727272707086854097724
0.273726273726273727771030053191
0.274725274725274748455206008657
0.275724275724275713628230732866
0.276723276723276734312406688332
0.277722277722277699485431412540
0.278721278721278720169607368007
0.279720279720279740853783323473
0.280719280719280706026808047682
0.281718281718281726710984003148
0.282717282717282691884008727357
0.283716283716283712568184682823
0.284715284715284733252360638289
0.285714285714285698425385362498
0.286713286713286719109561317964
0.287712287712287739793737273430
0.288711288711288704966761997639
0.289710289710289725650937953105
0.290709290709290690823962677314
0.291708291708291711508138632780
0.292707292707292732192314588247
0.293706293706293697365339312455
0.294705294705294718049515267921
0.295704295704295683222539992130
0.296703296703296703906715947596
0.297702297702297724590891903063
0.298701298701298689763916627271
0.299700299700299710448092582737
0.300699300699300675621117306946
0.301698301698301696305293262412
0.302697302697302716989469217879
0.303696303696303682162493942087
0.304695304695304702846669897554
0.305694305694305668019694621762
0.306693306693306688703870577228
0.307692307692307709388046532695
0.308691308691308674561071256903
0.309690309690309695245247212370
0.310689310689310715929423167836
0.311688311688311681102447892044
0.312687312687312701786623847511
0.313686313686313666959648571719
0.314685314685314687643824527186
0.315684315684315708328000482652
0.316683316683316673501025206861
0.317682317682317694185201162327
0.318681318681318659358225886535
0.319680319680319680042401842002
0.320679320679320700726577797468
0.321678321678321665899602521677
0.322677322677322686583778477143
0.323676323676323651756803201351
0.324675324675324672440979156818
0.325674325674325693125155112284
0.326673326673326658298179836493
0.327672327672327678982355791959
0.328671328671328644155380516167
0.329670329670329664839556471634
0.330669330669330685523732427100
0.331668331668331650696757151309
0.332667332667332671380933106775
0.333666333666333692065109062241
0.334665334665334657238133786450
0.335664335664335677922309741916
0.336663336663336643095334466125
0.337662337662337663779510421591
0.338661338661338684463686377057
0.339660339660339649636711101266
0.340659340659340670320887056732
0.341658341658341635493911780941
0.342657342657342656178087736407
0.343656343656343676862263691874
0.344655344655344642035288416082
0.345654345654345662719464371548
0.346653346653346627892489095757
0.347652347652347648576665051223
0.348651348651348669260841006690
0.349650349650349634433865730898
0.350649350649350655118041686364
0.351648351648351620291066410573
0.352647352647352640975242366039
0.353646353646353661659418321506
0.354645354645354626832443045714
0.355644355644355647516619001181
0.356643356643356668200794956647
0.357642357642357633373819680855
0.358641358641358654057995636322
0.359640359640359619231020360530
0.360639360639360639915196315997
0.361638361638361660599372271463
0.362637362637362625772396995671
0.363636363636363646456572951138
0.364635364635364611629597675346
0.365634365634365632313773630813
0.366633366633366652997949586279
0.367632367632367618170974310488
0.368631368631368638855150265954
0.369630369630369604028174990162
0.370629370629370624712350945629
0.371628371628371645396526901095
0.372627372627372610569551625304
0.373626373626373631253727580770
0.374625374625374651937903536236
0.375624375624375617110928260445
0.376623376623376637795104215911
0.377622377622377602968128940120
0.378621378621378623652304895586
0.379620379620379644336480851052
0.380619380619380609509505575261
0.381618381618381630193681530727
0.382617382617382595366706254936
0.383616383616383616050882210402
0.384615384615384636735058165868
0.385614385614385601908082890077
0.386613386613386622592258845543
0.387612387612387587765283569752
0.388611388611388608449459525218
0.389610389610389629133635480684
0.390609390609390594306660204893
0.391608391608391614990836160359
0.392607392607392580163860884568
0.393606393606393600848036840034
0.394605394605394621532212795501
0.395604395604395586705237519709
0.396603396603396607389413475175
0.397602397602397628073589430642
0.398601398601398593246614154850
0.399600399600399613930790110317
0.400599400599400579103814834525
0.401598401598401599787990789991
0.402597402597402620472166745458
0.403596403596403585645191469666
0.404595404595404606329367425133
0.405594405594405571502392149341
0.406593406593406592186568104808
0.407592407592407612870744060274
0.408591408591408578043768784482
0.409590409590409598727944739949
0.410589410589410563900969464157
0.411588411588411584585145419624
0.412587412587412605269321375090
0.413586413586413570442346099298
0.414585414585414591126522054765
0.415584415584415611810698010231
0.416583416583416576983722734440
0.417582417582417597667898689906
0.418581418581418562840923414115
0.419580419580419583525099369581
0.420579420579420604209275325047
0.421578421578421569382300049256
0.422577422577422590066476004722
0.423576423576423555239500728931
0.424575424575424575923676684397
0.425574425574425596607852639863
0.426573426573426561780877364072
0.427572427572427582465053319538
0.428571428571428547638078043747
0.429570429570429568322253999213
0.430569430569430589006429954679
0.431568431568431554179454678888
0.432567432567432574863630634354
0.433566433566433540036655358563
0.434565434565434560720831314029
0.435564435564435581405007269495
0.436563436563436546578031993704
0.437562437562437567262207949170
0.438561438561438587946383904637
0.439560439560439553119408628845
0.440559440559440573803584584311
0.441558441558441538976609308520
0.442557442557442559660785263986
0.443556443556443580344961219453
0.444555444555444545517985943661
0.445554445554445566202161899128
0.446553446553446531375186623336
0.447552447552447552059362578802
0.448551448551448572743538534269
0.449550449550449537916563258477
0.450549450549450558600739213944
0.451548451548451523773763938152
0.452547452547452544457939893618
0.453546453546453565142115849085
0.454545454545454530315140573293
0.455544455544455550999316528760
0.456543456543456516172341252968
0.457542457542457536856517208435
0.458541458541458557540693163901
0.459540459540459522713717888109
0.460539460539460543397893843576
0.461538461538461564082069799042
0.462537462537462529255094523251
0.463536463536463549939270478717
0.464535464535464515112295202925
0.465534465534465535796471158392
0.466533466533466556480647113858
0.467532467532467521653671838067
0.468531468531468542337847793533
0.469530469530469507510872517742
0.470529470529470528195048473208
0.471528471528471548879224428674
0.472527472527472514052249152883
0.473526473526473534736425108349
0.474525474525474499909449832558
0.475524475524475520593625788024
0.476523476523476541277801743490
0.477522477522477506450826467699
0.478521478521478527135002423165
0.479520479520479492308027147374
0.480519480519480512992203102840
0.481518481518481533676379058306
0.482517482517482498849403782515
0.483516483516483519533579737981
0.484515484515484540217755693448
0.485514485514485505390780417656
0.486513486513486526074956373122
0.487512487512487491247981097331
0.488511488511488511932157052797
0.489510489510489532616333008264
0.490509490509490497789357732472
0.491508491508491518473533687938
0.492507492507492483646558412147
0.493506493506493504330734367613
0.494505494505494525014910323080
0.495504495504495490187935047288
0.496503496503496510872111002755
0.497502497502497476045135726963
0.498501498501498496729311682429
0.499500499500499517413487637896
0.500499500499500538097663593362
0.501498501498501503270688317571
0.502497502497502468443713041779
0.503496503496503544639040228503
0.504495504495504509812064952712
0.505494505494505474985089676920
0.506493506493506440158114401129
0.507492507492507516353441587853
0.508491508491508481526466312062
0.509490509490509446699491036270
0.510489510489510522894818222994
0.511488511488511488067842947203
0.512487512487512453240867671411
0.513486513486513529436194858135
0.514485514485514494609219582344
0.515484515484515459782244306552
0.516483516483516535977571493277
0.517482517482517501150596217485
0.518481518481518466323620941694
0.519480519480519431496645665902
0.520479520479520507691972852626
0.521478521478521472864997576835
0.522477522477522438038022301043
0.523476523476523514233349487768
0.524475524475524479406374211976
0.525474525474525444579398936185
0.526473526473526520774726122909
0.527472527472527485947750847117
0.528471528471528451120775571326
0.529470529470529416293800295534
0.530469530469530492489127482258
0.531468531468531457662152206467
0.532467532467532422835176930676
0.533466533466533499030504117400
0.534465534465534464203528841608
0.535464535464535429376553565817
0.536463536463536505571880752541
0.537462537462537470744905476749
0.538461538461538435917930200958
0.539460539460539512113257387682
0.540459540459540477286282111891
0.541458541458541442459306836099
0.542457542457542407632331560308
0.543456543456543483827658747032
0.544455544455544449000683471240
0.545454545454545414173708195449
0.546453546453546490369035382173
0.547452547452547455542060106382
0.548451548451548420715084830590
0.549450549450549496910412017314
0.550449550449550462083436741523
0.551448551448551427256461465731
0.552447552447552392429486189940
0.553446553446553468624813376664
0.554445554445554433797838100872
0.555444555444555398970862825081
0.556443556443556475166190011805
0.557442557442557440339214736014
0.558441558441558405512239460222
0.559440559440559481707566646946
0.560439560439560446880591371155
0.561438561438561412053616095363
0.562437562437562488248943282088
0.563436563436563453421968006296
0.564435564435564418594992730505
0.565434565434565383768017454713
0.566433566433566459963344641437
0.567432567432567425136369365646
0.568431568431568390309394089854
0.569430569430569466504721276578
0.570429570429570431677746000787
0.571428571428571396850770724996
0.572427572427572473046097911720
0.573426573426573438219122635928
0.574425574425574403392147360137
0.575424575424575479587474546861
0.576423576423576444760499271069
0.577422577422577409933523995278
0.578421578421578375106548719486
0.579420579420579451301875906211
0.580419580419580416474900630419
0.581418581418581381647925354628
0.582417582417582457843252541352
0.583416583416583423016277265560
0.584415584415584388189301989769
0.585414585414585464384629176493
0.586413586413586429557653900702
0.587412587412587394730678624910
0.588411588411588359903703349119
0.589410589410589436099030535843
0.590409590409590401272055260051
0.591408591408591366445079984260
0.592407592407592442640407170984
0.593406593406593407813431895192
0.594405594405594372986456619401
0.595404595404595449181783806125
0.596403596403596414354808530334
0.597402597402597379527833254542
0.598401598401598455723160441266
0.599400599400599420896185165475
0.600399600399600386069209889683
0.601398601398601351242234613892
0.602397602397602427437561800616
0.603396603396603392610586524825
0.604395604395604357783611249033
0.605394605394605433978938435757
0.606393606393606399151963159966
0.607392607392607364324987884174
0.608391608391608440520315070899
0.609390609390609405693339795107
0.610389610389610370866364519316
0.611388611388611336039389243524
0.612387612387612412234716430248
0.613386613386613377407741154457
0.614385614385614342580765878665
0.615384615384615418776093065389
0.616383616383616383949117789598
0.617382617382617349122142513806
0.618381618381618425317469700531
0.619380619380619390490494424739
0.620379620379620355663519148948
0.621378621378621431858846335672
0.622377622377622397031871059880
0.623376623376623362204895784089
0.624375624375624327377920508297
0.625374625374625403573247695022
0.626373626373626368746272419230
0.627372627372627333919297143439
0.628371628371628410114624330163
0.629370629370629375287649054371
0.630369630369630340460673778580
0.631368631368631416656000965304
0.632367632367632381829025689512
0.633366633366633347002050413721
0.634365634365634312175075137930
0.635364635364635388370402324654
0.636363636363636353543427048862
0.637362637362637318716451773071
0.638361638361638394911778959795
0.639360639360639360084803684003
0.640359640359640325257828408212
0.641358641358641401453155594936
0.642357642357642366626180319145
0.643356643356643331799205043353
0.644355644355644407994532230077
0.645354645354645373167556954286
0.646353646353646338340581678494
0.647352647352647303513606402703
0.648351648351648379708933589427
0.649350649350649344881958313636
0.650349650349650310054983037844
0.651348651348651386250310224568
0.652347652347652351423334948777
0.653346653346653316596359672985
0.654345654345654392791686859709
0.655344655344655357964711583918
0.656343656343656323137736308126
0.657342657342657288310761032335
0.658341658341658364506088219059
0.659340659340659329679112943268
0.660339660339660294852137667476
0.661338661338661371047464854200
0.662337662337662336220489578409
0.663336663336663301393514302617
0.664335664335664377588841489342
0.665334665334665342761866213550
0.666333666333666307934890937759
0.667332667332667384130218124483
0.668331668331668349303242848691
0.669330669330669314476267572900
0.670329670329670279649292297108
0.671328671328671355844619483833
0.672327672327672321017644208041
0.673326673326673286190668932250
0.674325674325674362385996118974
0.675324675324675327559020843182
0.676323676323676292732045567391
0.677322677322677368927372754115
0.678321678321678334100397478323
0.679320679320679299273422202532
0.680319680319680264446446926740
0.681318681318681340641774113465
0.682317682317682305814798837673
0.683316683316683270987823561882
0.684315684315684347183150748606
0.685314685314685312356175472814
0.686313686313686277529200197023
0.687312687312687353724527383747
0.688311688311688318897552107956
0.689310689310689284070576832164
0.690309690309690360265904018888
0.691308691308691325438928743097
0.692307692307692290611953467305
0.693306693306693255784978191514
0.694305694305694331980305378238
0.695304695304695297153330102446
0.696303696303696262326354826655
0.697302697302697338521682013379
0.698301698301698303694706737588
0.699300699300699268867731461796
0.700299700299700345063058648520
0.701298701298701310236083372729
0.702297702297702275409108096937
0.703296703296703240582132821146
0.704295704295704316777460007870
0.705294705294705281950484732079
0.706293706293706247123509456287
0.707292707292707323318836643011
0.708291708291708288491861367220
0.709290709290709253664886091428
0.710289710289710329860213278153
0.711288711288711295033238002361
0.712287712287712260206262726570
0.713286713286713336401589913294
0.714285714285714301574614637502
0.715284715284715266747639361711
0.716283716283716231920664085919
0.717282717282717308115991272643
0.718281718281718273289015996852
0.719280719280719238462040721060
0.720279720279720314657367907785
0.721278721278721279830392631993
0.722277722277722245003417356202
0.723276723276723321198744542926
0.724275724275724286371769267134
0.725274725274725251544793991343
0.726273726273726327740121178067
0.727272727272727292913145902276
0.728271728271728258086170626484
0.729270729270729223259195350693
0.730269730269730299454522537417
0.731268731268731264627547261625
0.732267732267732229800571985834
0.733266733266733305995899172558
0.734265734265734271168923896767
0.735264735264735236341948620975
0.736263736263736312537275807699
0.737262737262737277710300531908
0.738261738261738242883325256116
0.739260739260739208056349980325
0.740259740259740284251677167049
0.741258741258741249424701891257
0.742257742257742214597726615466
0.743256743256743290793053802190
0.744255744255744255966078526399
0.745254745254745221139103250607
0.746253746253746297334430437331
0.747252747252747262507455161540
0.748251748251748227680479885748
0.749250749250749303875807072473
0.750249750249750269048831796681
0.751248751248751234221856520890
0.752247752247752199394881245098
0.753246753246753275590208431822
0.754245754245754240763233156031
0.755244755244755205936257880239
0.756243756243756282131585066963
0.757242757242757247304609791172
0.758241758241758212477634515380
0.759240759240759288672961702105
0.760239760239760253845986426313
0.761238761238761219019011150522
0.762237762237762184192035874730
0.763236763236763260387363061454
0.764235764235764225560387785663
0.765234765234765190733412509871
0.766233766233766266928739696596
0.767232767232767232101764420804
0.768231768231768197274789145013
0.769230769230769273470116331737
0.770229770229770238643141055945
0.771228771228771203816165780154
0.772227772227772280011492966878
0.773226773226773245184517691087
0.774225774225774210357542415295
0.775224775224775175530567139504
0.776223776223776251725894326228
0.777222777222777216898919050436
0.778221778221778182071943774645
0.779220779220779258267270961369
0.780219780219780223440295685577
0.781218781218781188613320409786
0.782217782217782264808647596510
0.783216783216783229981672320719
0.784215784215784195154697044927
0.785214785214785160327721769136
0.786213786213786236523048955860
0.787212787212787201696073680068
0.788211788211788166869098404277
0.789210789210789243064425591001
0.790209790209790208237450315210
0.791208791208791173410475039418
0.792207792207792249605802226142
0.793206793206793214778826950351
0.794205794205794179951851674559
0.795204795204795256147178861283
0.796203796203796221320203585492
0.797202797202797186493228309700
0.798201798201798151666253033909
0.799200799200799227861580220633
0.800199800199800193034604944842
0.801198801198801158207629669050
0.802197802197802234402956855774
0.803196803196803199575981579983
0.804195804195804164749006304191
0.805194805194805240944333490916
0.806193806193806206117358215124
0.807192807192807171290382939333
0.808191808191808136463407663541
0.809190809190809212658734850265
0.810189810189810177831759574474
0.811188811188811143004784298682
0.812187812187812219200111485407
0.813186813186813184373136209615
0.814185814185814149546160933824
0.815184815184815225741488120548
0.816183816183816190914512844756
0.817182817182817156087537568965
0.818181818181818232282864755689
0.819180819180819197455889479897
0.820179820179820162628914204106
0.821178821178821127801938928314
0.822177822177822203997266115039
0.823176823176823169170290839247
0.824175824175824134343315563456
0.825174825174825210538642750180
0.826173826173826175711667474388
0.827172827172827140884692198597
0.828171828171828217080019385321
0.829170829170829182253044109530
0.830169830169830147426068833738
0.831168831168831223621396020462
0.832167832167832188794420744671
0.833166833166833153967445468879
0.834165834165834119140470193088
0.835164835164835195335797379812
0.836163836163836160508822104021
0.837162837162837125681846828229
0.838161838161838201877174014953
0.839160839160839167050198739162
0.840159840159840132223223463370
0.841158841158841208418550650094
0.842157842157842173591575374303
0.843156843156843138764600098511
0.844155844155844103937624822720
0.845154845154845180132952009444
0.846153846153846145305976733653
0.847152847152847110479001457861
0.848151848151848186674328644585
0.849150849150849151847353368794
0.850149850149850117020378093002
0.851148851148851193215705279727
0.852147852147852158388730003935
0.853146853146853123561754728144
0.854145854145854199757081914868
0.855144855144855164930106639076
0.856143856143856130103131363285
0.857142857142857095276156087493
0.858141858141858171471483274217
0.859140859140859136644507998426
0.860139860139860101817532722634
0.861138861138861178012859909359
0.862137862137862143185884633567
0.863136863136863108358909357776
0.864135864135864184554236544500
0.865134865134865149727261268708
0.866133866133866114900285992917
0.867132867132867080073310717125
0.868131868131868156268637903850
0.869130869130869121441662628058
0.870129870129870086614687352267
0.871128871128871162810014538991
0.872127872127872127983039263199
0.873126873126873093156063987408
0.874125874125874169351391174132
0.875124875124875134524415898341
0.876123876123876099697440622549
0.877122877122877175892767809273
0.878121878121878141065792533482
0.879120879120879106238817257690
0.880119880119880071411841981899
0.881118881118881147607169168623
0.882117882117882112780193892831
0.883116883116883077953218617040
0.884115884115884154148545803764
0.885114885114885119321570527973
0.886113886113886084494595252181
0.887112887112887160689922438905
0.888111888111888125862947163114
0.889110889110889091035971887322
0.890109890109890056208996611531
0.891108891108891132404323798255
0.892107892107892097577348522464
0.893106893106893062750373246672
0.894105894105894138945700433396
0.895104895104895104118725157605
0.896103896103896069291749881813
0.897102897102897145487077068537
0.898101898101898110660101792746
0.899100899100899075833126516955
0.900099900099900152028453703679
0.901098901098901117201478427887
0.902097902097902082374503152096
0.903096903096903047547527876304
0.904095904095904123742855063028
0.905094905094905088915879787237
0.906093906093906054088904511445
0.907092907092907130284231698170
0.908091908091908095457256422378
0.909090909090909060630281146587
0.910089910089910136825608333311
0.911088911088911101998633057519
0.912087912087912067171657781728
0.913086913086913032344682505936
0.914085914085914108540009692661
0.915084915084915073713034416869
0.916083916083916038886059141078
0.917082917082917115081386327802
0.918081918081918080254411052010
0.919080919080919045427435776219
0.920079920079920121622762962943
0.921078921078921086795787687151
0.922077922077922051968812411360
0.923076923076923128164139598084
0.924075924075924093337164322293
0.925074925074925058510189046501
0.926073926073926023683213770710
0.927072927072927099878540957434
0.928071928071928065051565681642
0.929070929070929030224590405851
0.930069930069930106419917592575
0.931068931068931071592942316784
0.932067932067932036765967040992
0.933066933066933112961294227716
0.934065934065934078134318951925
0.935064935064935043307343676133
0.936063936063936008480368400342
0.937062937062937084675695587066
0.938061938061938049848720311275
0.939060939060939015021745035483
0.940059940059940091217072222207
0.941058941058941056390096946416
0.942057942057942021563121670624
0.943056943056943097758448857348
0.944055944055944062931473581557
0.945054945054945028104498305765
0.946053946053946104299825492490
0.947052947052947069472850216698
0.948051948051948034645874940907
0.949050949050948999818899665115
0.950049950049950076014226851839
0.951048951048951041187251576048
0.952047952047952006360276300256
0.953046953046953082555603486981
0.954045954045954047728628211189
0.955044955044955012901652935398
0.956043956043956089096980122122
0.957042957042957054270004846330
0.958041958041958019443029570539
0.959040959040958984616054294747
0.960039960039960060811381481471
0.961038961038961025984406205680
0.962037962037961991157430929889
0.963036963036963067352758116613
0.964035964035964032525782840821
0.965034965034964997698807565030
0.966033966033966073894134751754
0.967032967032967039067159475962
0.968031968031968004240184200171
0.969030969030969080435511386895
0.970029970029970045608536111104
0.971028971028971010781560835312
0.972027972027971975954585559521
0.973026973026973052149912746245
0.974025974025974017322937470453
0.975024975024974982495962194662
0.976023976023976058691289381386
0.977022977022977023864314105595
0.978021978021977989037338829803
0.979020979020979065232666016527
0.980019980019980030405690740736
0.981018981018980995578715464944
0.982017982017982071774042651668
0.983016983016983036947067375877
0.984015984015984002120092100085
0.985014985014984967293116824294
0.986013986013986043488444011018
0.987012987012987008661468735227
0.988011988011987973834493459435
0.989010989010989050029820646159
0.990009990009990015202845370368
0.991008991008990980375870094576
0.992007992007992056571197281301
0.993006993006993021744222005509
0.994005994005993986917246729718
0.995004995004994952090271453926
0.996003996003996028285598640650
0.997002997002996993458623364859
0.998001998001997958631648089067
0.999000999000999034826975275791
