0.008941245587442702563718555098
0.017783682917767267006592390999
0.026528294172280381807427218632
0.035176051769135865954218900242
0.043727918460383090326626387423
0.052184847428050733231241764543
0.060547782379275404129881366089
0.068817657640484711234485359910
0.076995398250644081494797887899
0.085081920053576676199469375206
0.093078129789365651736154916307
0.100984925184847848522728952503
0.108803195043207942549479128047
0.116533819332682017644309269144
0.124177669274379370856209447993
0.131735607429231349474463286242
0.139208487784075962689911420966
0.146597155836886650082107053095
0.153902448681154047083197156098
0.161125195089428768779882261697
0.168266215596033830159683475358
0.175326322578954973963050179009
0.182306320340916899747085722083
0.189207005189653526544546480181
0.196029165517380421501769660608
0.202773581879477277079004693405
0.209441027072388263885471815229
0.216032266210747780910139681509
0.222548056803740040843209158083
0.228989148830699151826451043235
0.235356284815957911282779946305
0.241650199902952639297026848908
0.247871621927591295753146027891
0.254021271490892319722121328596
0.260099862030901407550231851928
0.266108099893893557119639581288
0.272046684404867067375022315900
0.277916307937336959366092514756
0.283717655982434868722208420877
0.289451407217321543541288519918
0.295118233572919719254201709191
0.300718800300973643224722309242
0.306253766040441799400895206418
0.311723782883229993956319958670
0.317129496439270630592233146672
0.322471545900955613994653958798
0.327750564106928266028262441978
0.332967177605241360094368019418
0.338122006715887379879603713562
0.343215665592707164233132743902
0.348248762284683099910154169265
0.353221898796623079430645475441
0.358135671149241274768826315267
0.362990669438641666566525145754
0.367787477895210490608235431864
0.372526674941922764094925923928
0.377208833252069886121660147182
0.381834519806412808762274835317
0.386404295949767440099265058961
0.390918717447027608269394249874
0.395378334538630860084396090315
0.399783691995473089431101243463
0.404135329173277546566112050641
0.408433780066422835730577389768
0.412679573361236284867459289671
0.416873232488757461400297188447
0.421015275676977052121685574093
0.425106216002556658306588133200
0.429146561442034613076401683429
0.433136814922522483950473315417
0.437077474371897478633286482363
0.440969032768496804752800244387
0.444811978190316925640956924326
0.448606793863724651050262082208
0.452353958211683448986661915114
0.456053944901500640796143670741
0.459707222892099920397157575280
0.463314256480824193662471088828
0.466875505349772845775646601396
0.470391424611678432565753382733
0.473862464855327514268168442868
0.477289072190529906070111110239
0.480671688292640897355312290529
0.484010750446641269117975525660
0.487306691590778384703952497148
0.490559940359774182550012255888
0.493770921127603179545673128814
0.496940054049845925110417965698
0.500067755105620515010400595202
0.503154436139098049096674003522
0.506200504900605086078257954796
0.509206365087317314177539628872
0.512172416383549378160466858390
0.515099054500643860343700453086
0.517986671216463467892765493161
0.520835654414490867303300092317
0.523646388122540051845987818524
0.526419252551082794688852573017
0.529154624131193740410594728019
0.531852875552119130908579336392
0.534514375798471497169828126061
0.537139490187054424730206392269
0.539728580403321722691600825783
0.542282004537474437988464615046
0.544800117120198046372081535083
0.547283269158045371227672148962
0.549731808168467450670391372114
0.552146078214496016656198662531
0.554526419939081471888187024888
0.556873170599089251098234853998
0.559186664098958896573776655714
0.561467231024027513264229583001
0.563715198673523154582198912976
0.565930891093229138100184627547
0.568114629107824287146399910853
0.570266730352901984879565588926
0.572387509306670150266427299357
0.574477277321336465831791429082
0.576536342654182076827851233247
0.578565010498325871246549922944
0.580563583013182671344054597284
0.582532359354619888591741982964
0.584471635704812753075998443819
0.586381705301804445618074623781
0.588262858468770799547087335668
0.590115382642995456308199209161
0.591939562404556363084395798069
0.593735679504726943100934022368
0.595504012894095269281535820483
0.597244838750403683746981187142
0.598958430506111749735964622232
0.600645058875684978438869165984
0.602304991882612550391229433444
0.603938494886156029828327973519
0.605545830607833179826116065669
0.607127259157637211295366341801
0.608683038059996350810365584039
0.610213422279475170562079711090
0.611718664246220233948747591057
0.613199013881152499294557856047
0.614654718620910478499297369126
0.616086023442544150618971343647
0.617493170887964182291796078061
0.618876401088147676254891393910
0.620235951787103778620746652450
0.621572058365600699225694825145
0.622884953864656809585653718386
0.624174869008798594016695915343
0.625442032229087119254984372674
0.626686669685915576089030309959
0.627909005291580890606439879775
0.629109260732629960166661930998
0.630287655491984177835718128335
0.631444406870844132662057290872
0.632579730010376817261885662447
0.633693837913186452936997739016
0.634786941464573151172601228609
0.635859249453578523336716443737
0.636910968593823900718575714563
0.637942303544139943660695735161
0.638953456928992524765931193542
0.639944629358704109023392447853
0.640916019449475515834535599424
0.641867823843207507827912650100
0.642800237227126647354680244462
0.643713452353214310441842371802
0.644607660057444298296047691110
0.645483049278828158179521778948
0.646339807078271766371813100704
0.647178118657243839351167480345
0.647998167376259481820000019070
0.648800134773179881797489088058
0.649584200581329707091526870499
0.650350542747434867685285553307
0.651099337449381865283726256166
0.651830759113800395354587635666
0.652544980433471422109903414821
0.653242172384562058695678388176
0.653922504243689028946562302735
0.654586143604813042173873327556
0.655233256395964636098483424576
0.655864006895803819396917333506
0.656478557750015845329016883625
0.657077069987542561335658319877
0.657659703036654219587830993987
0.658226614740859750085633095296
0.658777961374660159243887846969
0.659313897659144942942077705084
0.659834576777433290395435960818
0.660340150389961966226337608532
0.660830768649621091981316567399
0.661306580216739825495153581869
0.661767732273922826280454501102
0.662214370540738617165743562509
0.662646639288263616940355404950
0.663064681353479623560076561262
0.663468638153529521872542318306
0.663858649699830993817784019484
0.664234854612049452349253897410
0.664597390131932752588284074591
0.664946392137007791234282194637
0.665281995154141658765922784369
0.665604332372967233411031884316
0.665913535659175548353516660427
0.666209735567676375467272009701
0.666493061355627913755483859859
0.666763640995336359651446400676
0.667021601187028023716152347333
0.667267067371493993732656235807
0.667500163742609564643260000594
0.667721013259728324307218372269
0.667929737659954114725735507818
0.668126457470290313622740541177
0.668311292019669100916701154347
0.668484359450859821905055468960
0.668645776732260221919545983837
0.668795659669569775296338320913
0.668934122917347773196183879918
0.669061279990455171073904239165
0.669177243275384081577783490502
0.669282124041474024700448808289
0.669376032452016711538078652666
0.669459077575249916769450919674
0.669531367395243548479299988685
0.669593008822675805902235879330
0.669644107705503199845509243460
0.669684768839524657835227117175
0.669715095978840158075229282986
0.669735191846204669374742479704
0.669745158143281282825398648129
0.669745095560790315580845799559
0.669735103788558605586445082736
0.669715281525468331125239274115
0.669685726489308019715451791853
0.669646535426524303069584220793
0.669597804121877526739581298898
0.669539627408000992403458440094
0.669472099174865498127928731265
0.669395312379149731718541715964
0.669309359053517294313451202470
0.669214330315801797510744108877
0.669110316378100478118540195283
0.668997406555777551773189770756
0.668875689276377749514779225137
0.668745252088451702654481323407
0.668606181670293397978355187661
0.668458563838590480443713204295
0.668302483556989290747196719167
0.668138024944573860608443283127
0.667965271284261530304604548292
0.667784305031114522321900039969
0.667595207820568914414138816937
0.667398060476582122291233645228
0.667192943019699002960010147945
0.666979934675038466096452793863
0.666759113880199594248665562191
0.666530558293090158450411308877
0.666294344799677085156019984424
0.666050549521659429608178015769
0.665799247824065631995438252488
0.665540514322775167421752939845
0.665274422891964811732634643704
0.665001046671481854666296840151
0.664720458074143261129052007163
0.664432728792962667974109081115
0.664137929808305438328375203128
0.663836131394972550623378992896
0.663527403129213766419525200035
0.663211813895672075425125058246
0.662889431894258196464875254605
0.662560324646956910754624914262
0.662224559004565560549337988050
0.661882201153366378498787980789
0.661533316621731870554867782630
0.661177970286664140608934303600
0.660816226380270266282934699120
0.660448148496172171562079711293
0.660073799595853993871230613877
0.659693242014945280260462823207
0.659306537469441900078948037844
0.658913747061866339471691844665
0.658514931287364602141565228521
0.658110150039744379313333411119
0.657699462617452712542842618859
0.657282927729493593460574629717
0.656860603501287054761803574365
0.656432547480470862666379616712
0.655998816642643256535905038618
0.655559467397048956094351979118
0.655114555592209657497448915819
0.654664136521497241893996488216
0.654208264928652472036674225819
0.653746995013247733652406168403
0.653280380436097263263661716337
0.652808474324611531791617835552
0.652331329278100335855583580269
0.651848997373021599166520445578
0.651361530168178881616825037781
0.650868978709867151977164212440
0.650371393536967268289572530193
0.649868824685989165956812030345
0.649361321696066640107858347619
0.648848933613900613615044221660
0.648331708998654110409631812217
0.647809695926799045118116282538
0.647282941996913496751631100778
0.646751494334433130184436322452
0.646215399596353434752415978437
0.645674703975886554729868294089
0.645129453207071490439261651773
0.644579692569338114083166146884
0.644025466892026332565990287549
0.643466820558860175260917912965
0.642903797512377250811255180452
0.642336441258313795010792546236
0.641764794869947641231533452810
0.641188900992396004774320772412
0.640608801846871855900644732174
0.640024539234897882344910158281
0.639436154542478041307163039164
0.638843688744227922171603495372
0.638247182407464141995490081172
0.637646675696253217857645267941
0.637042208375419582999654721789
0.636433819814514523116599775676
0.635821548991744811551996008347
0.635205434497863263842987180396
0.634585514540020212415072364820
0.633961826945576123470971197094
0.633334409165877243452769107535
0.632703298279992942809712985763
0.632068530998416422406194215000
0.631430143666728560525314151164
0.630788172269225233534939434321
0.630142652432508332260852057516
0.629493619429041695312321280653
0.628841108180670627092467839248
0.628185153262108442184796786023
0.627525788904385817268405389768
0.626863048998267502476267054590
0.626196967097634837884356784343
0.625527576422834408198525579792
0.624854909863993279728333618550
0.624178999984301818848564380460
0.623499879023262981725395093235
0.622817578899910295753272748698
0.622132131215993422479471064435
0.621443567259131746105538240954
0.620751918005937097788660139486
0.620057214125105282676031492883
0.619359485980477075806049924722
0.618658763634067909720215538982
0.617955076849068696276390255662
0.617248455092815895284275029553
0.616538927539732717342246814951
0.615826523074240461674833113648
0.615111270293641099193848731375
0.614393197510972211006219367846
0.613672332757831395788628014998
0.612948703787174475898780201533
0.612222338076085503821843758487
0.611493262828518457929760643310
0.610761504978012847999480072758
0.610027091190381121066366176819
0.609290047866370199081131886487
0.608550401144296482236484280293
0.607808176902654095918876464566
0.607063400762698046619902925158
0.606316098091000732495103875408
0.605566294001984029016227850661
0.604814013360425284382415611617
0.604059280783939445136354606802
0.603302120645435535628564593935
0.602542557075548823597443970357
0.601780613965049671065798975178
0.601016314967227627263923750434
0.600249683500251873802255886403
0.599480742749508577205119763676
0.598709515669914926760952766926
0.597936024988209635644409445376
0.597160293205221681667183020181
0.596382342598115289256099913473
0.595602195222613817193746399425
0.594819872915200553720183052064
0.594035397295297973307981465041
0.593248789767425899199793093430
0.592460071523336795351610817306
0.591669263544131629473099565075
0.590876386602353531607434433681
0.590081461264060469495973393350
0.589284507890878495039999052096
0.588485546642033230391177767160
0.587684597476362036161390278721
0.586881680154306306640421553311
0.586076814239882781798485211766
0.585270019102636540608841642097
0.584461313919574121378275322058
0.583650717677077435219246126508
0.582838249172798250619109694526
0.582023927017534692396338869003
0.581207769637088644820721583528
0.580389795274103947875232734077
0.579570021989887940172536673344
0.578748467666213461946256302326
0.577925150007103538563058009458
0.577100086540598189444040144735
0.576273294620504139551542266418
0.575444791428126434240652997687
0.574614593973983289743046043441
0.573782719099503291104724667093
0.572949183478707158023723877704
0.572114003619870969963301376993
0.571277195867173848142783754156
0.570438776402329539294555615925
0.569598761246200901986469489202
0.568757166260399071866515896545
0.567914007148866417651333904359
0.567069299459443731947771993873
0.566223058585421989974406642432
0.565375299767078676183018615120
0.564526038093198678780026966706
0.563675288502580196237090603972
0.562823065785525655790877408435
0.561969384585317865976605844480
0.561114259399681292173056590400
0.560257704582229121292868967430
0.559399734343895338462004929170
0.558540362754353703067522474157
0.557679603743421514749911693798
0.556817471102449834674530393386
0.555953978485699829015231898666
0.555089139411705456694789972971
0.554222967264622723426725769968
0.553355475295565502058536822005
0.552486676623927919216328064067
0.551616584238693863362357205915
0.550745210999732948131679677317
0.549872569639084263215522696555
0.548998672762226802568363837054
0.548123532849337791184041179804
0.547247162256538022262475351454
0.546369573217124759878515760647
0.545490777842793317375935657765
0.544610788124845202062829230272
0.543729615935385157676762446499
0.542847273028505772352048097673
0.541963771041460984356774588377
0.541079121495826931287354000233
0.540193335798652141122033754073
0.539306425243596287977254633006
0.538418401012056624388435466244
0.537529274174284199538931261486
0.536639055690488975258745085739
0.535747756411933173659178919479
0.534855387082014632760262884403
0.533961958337338837843333294586
0.533067480708780516707179231162
0.532171964622534354738547790475
0.531275420401156051042335093371
0.530377858264592161319228580396
0.529479288331200059758430143120
0.528579720618758130967762554064
0.527679165045464970695832107594
0.526777631430929815792296722066
0.525875129497152205004795177956
0.524971668869492091857864579652
0.524067259077631075747660815978
0.523161909556522641828735231684
0.522255629647334740361941385345
0.521348428598381041787490630668
0.520440315566044975348347634281
0.519531299615692554461077179440
0.518621389722577541547821056156
0.517710594772737620061775487557
0.516798923563880463483144467318
0.515886384806262143776223183522
0.514972987123556547039981978742
0.514058739053715685329848383844
0.513143649049822125896014313184
0.512227725480932205570638870995
0.511310976632911806660786169232
0.510393410709262806967956294102
0.509475035831942313357956209074
0.508555860042172680479666269093
0.507635891301244424056449133786
0.506715137491310585460269066971
0.505793606416173435746941322577
0.504871305802063408130209154479
0.503948243298409814805438600160
0.503024426478604680390560588421
0.502099862840758581761235745944
0.501174559808448605302544365259
0.500248524731459531800226159248
0.499321764886517194259596408301
0.498394287478014674785953275205
0.497466099638731673593383675325
0.496537208430545939918943076918
0.495607620845138041598687550504
0.494677343804689639839011761069
0.493746384162573825893360890404
0.492814748704039296001155889826
0.491882444146887476410512363145
0.490949477142142931551660467449
0.490015854274717443939124450480
0.489081582064066766601939661996
0.488146666964841491331839051782
0.487211115367531255593291916739
0.486274933599102399117697359543
0.485338127923629458759791077682
0.484400704542920446105114251623
0.483462669597135630272788375805
0.482524029165400436536259576314
0.481584789266412072183953796412
0.480644955859040323709052699996
0.479704534842921970216877980420
0.478763532059049923272908699801
0.477821953290355982968407033695
0.476879804262287987359769658724
0.475937090643381244259302320643
0.474993818045824300888568814116
0.474049992026019106905465605450
0.473105618085135293249265941995
0.472160701669659343959750685826
0.471215248171938216881216021648
0.470269262930717468762509270164
0.469322751231673940264244038190
0.468375718307943611495858249327
0.467428169340643462348339198797
0.466480109459388780912547645130
0.465531543742805031804721238586
0.464582477219034839510669598894
0.463632914866239698170602423488
0.462682861613096685360346782545
0.461732322339290679469314682137
0.460781301876000970452196270344
0.459829805006383651733159467767
0.458877836466048849572985091072
0.457925400943533511544103475899
0.456972503080769199002020286571
0.456019147473545438664643825177
0.455065338671968244721455221224
0.454111081180914477606336276949
0.453156379460481151255635268171
0.452201237926430743563344094582
0.451245660950631732877269541859
0.450289652861495193203467124476
0.449333217944406504429366577824
0.448376360442153065744008699767
0.447419084555347956744242310378
0.446461394442848824581915323506
0.445503294222173329419689480346
0.444544787969909649394395501076
0.443585879722123765933616823531
0.442626573474761919602116222450
0.441666873184049568745734859476
0.440706782766886240310100220086
0.439746306101236383856445399942
0.438785447026516395307993434471
0.437824209343977810426906671637
0.436862596817086779044103650449
0.435900613171899320441582403873
0.434938262097433581132577273820
0.433975547246038040327675844310
0.433012472233755496553442299046
0.432049040640684445246932909868
0.431085256011336181991566718352
0.430121121854988630595073573204
0.429156641646036451920309673369
0.428191818824337822046999235681
0.427226656795558046297855980811
0.426261158931508843394908581104
0.425295328570485353658625626849
0.424329169017599205915303173242
0.423362683545108253735378411875
0.422395875392743203047274391793
0.421428747768030853571019633819
0.420461303846614398160852488218
0.419493546772570391478751616887
0.418525479658722054931985212534
0.417557105586950527698064661308
0.416588427608502231969112017396
0.415619448744293351616363452194
0.414650171985211146719052521803
0.413680600292412770091488027902
0.412710736597620697629906771908
0.411740583803415161057159821212
0.410770144783524027154442137544
0.409799422383109457346250792398
0.408828419419051958261235313330
0.407857138680231434690881542338
0.406885582927805578012936393861
0.405913754895485423546119818639
0.404941657289808243369577667181
0.403969292790407441540168065330
0.402996664050280117841396076983
0.402023773696051966997089266442
0.401050624328239346816360466619
0.400077218521508570781008984341
0.399103558824933257742628711640
0.398129647762248350950642361568
0.397155487832102249701193841247
0.396181081508306165428479062030
0.395206431240080813260817649279
0.394231539452301105175280326876
0.393256408545737956572452276305
0.392281040897297927916298476703
0.391305438860260534905677332063
0.390329604764513005132897660587
0.389353540916782869807377664984
0.388377249600868112988649727413
0.387400733077865322417920879161
0.386423993586395009280920476158
0.385447033342825151613908474246
0.384469854541492461752483222881
0.383492459354921377823188777256
0.382514849934040779277921728863
0.381537028408398704026893710761
0.380558996886374956147847115062
0.379580757455391437638070328831
0.378602312182120592787271107227
0.377623663112691410059795771303
0.376644812272893869664613930581
0.375665761668380948634649030282
0.374686513284869071593874423343
0.373707069088335952500301573309
0.372727431025216993099036244530
0.371747601022599460929285442035
0.370767580988414890974524951162
0.369787372811629433400071320648
0.368806978362432480444965676725
0.367826399492423017356657055643
0.366845638034794752080358648527
0.365864695804518913480052333398
0.364883574598525550758409963237
0.363902276195882556919514172478
0.362920802357973582008554558342
0.361939154828673337327415993059
0.360957335334522178005300929726
0.359975345584898132056395070322
0.358993187272187486147601021003
0.358010862071953817054037472190
0.357028371643105135735396515884
0.356045717628059366077764025249
0.355062901652908435856659252750
0.354079925327580369298630103003
0.353096790246000102886370086708
0.352113497986248580318147105572
0.351130050110720182132695299515
0.350146448166278545510721187384
0.349162693684411162831082720004
0.348178788181382092847826470461
0.347194733158383284088444042936
0.346210530101684510473347700099
0.345226180482781475067355358988
0.344241685758542859119302192994
0.343257047371355761278266527370
0.342272266749269415964107565742
0.341287345306137912537280953984
0.340302284441761304645268637614
0.339317085542025109745623012714
0.338331749979038864939440145463
0.337346279111273017470296053943
0.336360674283694316422099745978
0.335374936827900205216224094329
0.334389068062251715307553467937
0.333403069292004972101750581714
0.332416941809441535138347489919
0.331430686893997239472753335576
0.330444305812390093368691168507
0.329457799818746455144946594373
0.328471170154726432865999186106
0.327484418049647674209268188861
0.326497544720608101620484831074
0.325510551372607148667981391554
0.324523439198666552307770416519
0.323536209379948813680272223792
0.322548863085875381351286250720
0.321561401474243502285332851898
0.320573825691341462995609390418
0.319586136872063109048980322768
0.318598336140021198836791427311
0.317610424607659425078054482583
0.316622403376363492633061014203
0.315634273536571086093971416631
0.314646036167880616130076987247
0.313657692339158966632339797798
0.312669243108648076123756709421
0.311680689524070853035908612583
0.310692032622735481162123960530
0.309703273431639003465676296400
0.308714412967569851176108386426
0.307725452237209207151380496725
0.306736392237231703106203895004
0.305747233954404673550442339547
0.304757978365686688082547561862
0.303768626438325139993423817941
0.302779179129952780158419045620
0.301789637388683029683988934266
0.300800002153204959487453606926
0.299810274352876715564519827240
0.298820454907818444656442125051
0.297830544729004054183008065593
0.296840544718352083997103818547
0.295850455768815745472011258244
0.294860278764472072410285363731
0.293870014580610072751909456201
0.292879664083818214148635661331
0.291889228132070854826451977715
0.290898707574813841780780876434
0.289908103253049165282106969244
0.288917415999419113781243595440
0.287926646638289263080423552310
0.286935795985830854881726281747
0.285944864850102009601329200450
0.284953854031128661628002873840
0.283962764320984217825127871038
0.282971596503868716432350538525
0.281980351356186931255365379911
0.280989029646626031766487585628
0.279997632136232188493352168734
0.279006159578486567784949556881
0.278014612719380493910392715406
0.277022992297489945023869495344
0.276031299044049382995780206329
0.275039533683024361998548101838
0.274047696931184248114732326940
0.273055789498173384632906390834
0.272063812086582035298931714351
0.271071765392016716944567633618
0.270079650103169088826149391025
0.269087466901885397074778438764
0.268095216463233920745068417091
0.267102899455572584397344826357
0.266110516540615682501424998918
0.265118068373499937706583295949
0.264125555602849726444247835389
0.263132978870842026974941063600
0.262140338813270368234498164384
0.261147636059608279079924386679
0.260154871233072237934891290934
0.259162044950683734256813295360
0.258169157823330830403563140862
0.257176210455829223899826274646
0.256183203446982588058489227478
0.255190137389642357490515678364
0.254197012870766791969856512878
0.253203830471479651720301262685
0.252210590767128206568514769970
0.251217294327340634474410308030
0.250223941716082753927707926778
0.249230533491714478788736641945
0.248237070207045440461968155432
0.247243552409390249247067572469
0.246249980640623006289402496805
0.245256355437231371441342275830
0.244262677330370270301074242525
0.243268946845914796339727104169
0.242275164504512613428133249727
0.241281330821636136318986132210
0.240287446307633739683851104019
0.239293511467780856127873789774
0.238299526802330297048371221535
0.237305492806562184915364355220
0.236311409970833524729627583838
0.235317278780626970569045397497
0.234323099716599342334788502740
0.233328873254629587385977629310
0.232334599865866353596288718109
0.231340280016774868521167718427
0.230345914169183596520440460154
0.229351502780330340769410213397
0.228357046302907762402867319906
0.227362545185108705370069515084
0.226367999870670799644756243651
0.225373410798920842390558050283
0.224378778404818540748166810772
0.223384103119000004822325422538
0.222389385367820713312880798185
0.221394625573398090567778240256
0.220399824153653556280119119037
0.219404981522354269873886778441
0.218410098089154430800462591833
0.217415174259636190257083399047
0.216420210435350091060513477714
0.215425207013855146698233511415
0.214430164388758504045995323395
0.213435082949754773018469222734
0.212439963082664912130681500457
0.211444805169474669970242075578
0.210449609588372776869391600485
0.209454376713788664732263100632
0.208459106916429798284084995430
0.207463800563318701009052347217
0.206468458017829675776866338310
0.205473079639724942602185819851
0.204477665785190526603898319991
0.203482216806871951675361742673
0.202486733053909295776406906953
0.201491214871972135203037623796
0.200495662603293961501194075936
0.199500076586706348580335657061
0.198504457157672870026843270352
0.197508804648322405794758083175
0.196513119387482421140944666149
0.195517401700711745959893050895
0.194521651910333104318340247119
0.193525870335465172145106294010
0.192530057292054551654203464750
0.191534213092907218412008774067
0.190538338047719774115407176396
0.189542432463110366303027376489
0.188546496642649274999570252476
0.187550530886889166293229891380
0.186554535493395207135236546492
0.185558510756774625027887282158
0.184562456968706212201425387320
0.183566374417969330190558707727
0.182570263390472803388675515635
0.181574124169283479535152991957
0.180577957034654429380182705245
0.179581762264052952060566781256
0.178585540132188247408606684985
0.177589290911038810705235846399
0.176593014869879605388547361144
0.175596712275308874939838688078
0.174600383391274843747353884282
0.173604028479102057147542836901
0.172607647797517388399413107436
0.171611241602675906881003697890
0.170614810148186413218951429371
0.169618353685136752373452395659
0.168621872462118932434194107373
0.167625366725253827082653401703
0.166628836718215850298818736519
0.165632282682257186978702634406
0.164635704856231968040702895451
0.163639103476620001442753959964
0.162642478777550419932751424312
0.161645830990825078998796016094
0.160649160345941649508105797395
0.159652467070116488301323443011
0.158655751388307425520096671789
0.157659013523236080089873212273
0.156662253695410202958271383977
0.155665472123145603999816444230
0.154668669022588023409525703755
0.153671844607734586762859407827
0.152674999090455315586822848672
0.151678132680514166086283012191
0.150681245585589929092407146527
0.149684338011297018988798868122
0.148687410161206012837453727116
0.147690462236863967460109847707
0.146693494437814403452691180973
0.145696506961617427977628835833
0.144699500003869302444670097429
0.143702473758221982436111829884
0.142705428416402546609731416538
0.141708364168232209268083465759
0.140711281201645305172220901113
0.139714179702708080066386742146
0.138717059855637148135798497606
0.137719921842818032731159405557
0.136722765844823290759535439065
0.135725592040430470541778618099
0.134728400606640125181101552698
0.133731191718693298575715289189
0.132733965550089122453769618915
0.131736722272602108096961615047
0.130739462056299271530690475629
0.129742185069557119936334288468
0.128744891479078443774497486629
0.127747581449908942374804610154
0.126750255145453710747815989635
0.125752912727493615374640967275
0.124755554356201309174068114771
0.123758180190157343614210105898
0.122760790386365878368302162471
0.121763385100270432603863923759
0.120765964485769386471680775230
0.119768528695231288305755867896
0.118771077879510134067686522030
0.117773612187960383113072282413
0.116776131768451876813408318867
0.115778636767384576766737325215
0.114781127329703219741574571344
0.113783603598911722820652414612
0.112786065717087519155725772180
0.111788513824895796577862938648
0.110790948061603472529768055210
0.109793368565093085731376731928
0.108795775471876632334300438743
0.107798168917109096764939124569
0.106800549034601996445381644207
0.105802915956836773858640299295
0.104805269814977911058129222965
0.103807610738886113566081803583
0.102809938857131202838424144375
0.101812254297004994851860715244
0.100814557184533998279718502999
0.099816847644491987767700891254
0.098819125800412452309551269991
0.097821391774600890967050759173
0.096823645688147080834440316721
0.095825887660937150713813537095
0.094828117811665502134843563908
0.093830336257846660985570963476
0.092832543115827101387615982730
0.091834738500796708748907803965
0.090836922526800381594291877718
0.089839095306749355840381099370
0.088841256952432529070406985738
0.087843407574527548886678118834
0.086845547282611929018614205233
0.085847676185173943386175210435
0.084849794389623464652139261943
0.083851902002302677874290282034
0.082853999128496697013090965811
0.081856085872444070417053296751
0.080858162337347203041382215360
0.079860228625382626010953401874
0.078862284837711210672139827693
0.077864331074488243866760228684
0.076866367434873475450451962843
0.075868394017040957644226750745
0.074870410918188856630450800367
0.073872418234549167004310277207
0.072874416061397342958549927516
0.071876404493061749056970199945
0.070878383622933083252348751557
0.069880353543473772148786338221
0.068882314346227060952720933074
0.067884266121826283835183346582
0.066886208960003828982721074681
0.065888142949600145281685570353
0.064890068178572568591278013628
0.063891984734004120261019465943
0.062893892702112180748130754182
0.061895792168257100784867219545
0.060897683216950750095808331253
0.059899565931864906520587510386
0.058901440395839631258834145910
0.057903306690891540031707052094
0.056905164898221970160019367313
0.055907015098225112947893933324
0.054908857370496000349646692484
0.053910691793838477758882277158
0.052912518446273058836393232696
0.051914337405044710949120201349
0.050916148746630571220173067104
0.049917952546747544617655734100
0.048919748880359922860172616765
0.047921537821686822911093628363
0.046923319444209597717243553916
0.045925093820679177558652384050
0.044926861023123314253790994144
0.043928621122853818425912919565
0.042930374190473616358154629324
0.041932120295883820726423607539
0.040933859508290725004453491920
0.039935591896212679907662845835
0.038937317527486935142544410837
0.037939036469276439522690935746
0.036940748788076509245836831496
0.035942454549721489232005922076
0.034944153819391303439356732952
0.033945846661617970485558259952
0.032947533140292049880226699088
0.031949213318669011929529233385
0.030950887259375541721295732600
0.029952555024415804946213981452
0.028954216675177630452298060959
0.027955872272438630349311594614
0.026957521876372264602039763304
0.025959165546553863990197896783
0.024960803341966562862719314353
0.023962435321007179850338886240
0.022964061541492056944813171526
0.021965682060662818780860661150
0.020967296935192104162526405275
0.019968906221189207383925889872
0.018970509974205670977731585936
0.017972108249240847238636931138
0.016973701100747386888434320440
0.015975288582636658352154057638
0.014976870748284132339733787376
0.013978447650534721324877551751
0.012980019341708039226634952001
0.011981585873603629865957742595
0.010983147297506136441658242120
0.009984703664190417229939988886
0.008986255023926617915841497108
0.007987801426485179739911401953
0.006989342921141813817775823026
0.005990879556682420815916234602
0.004992411381407951646849152638
0.003993938443139232602474564260
0.002995460789221741481486160907
0.001996978466530325169864257262
0.000998491521473883827941797620
