0.084296833370226850745687841027
0.159714794665967302345066514135
0.227090861947874922410761655556
0.287183114485389967551753898078
0.340678170250680312225455281805
0.388197922307847331779839805677
0.430305640187917615158141870779
0.467511496110035340567634420950
0.500277570266452475955532008811
0.529022384278024282444619075250
0.554125007297812333106890037016
0.575928775047658048080734261021
0.594744658275090043453303678689
0.610854313678396820819216372911
0.624512847232405188258042016969
0.635951317025872486787818615994
0.645379000165759664220388458489
0.652985445988917390103267734958
0.658942335725186456585333871772
0.663405166857013006698196022626
0.666514778700783017129083418695
0.668398734177310549497974534461
0.669172571327990572953581249749
0.668940936855204837385713290132
0.667798612808113367655948877655
0.665831446486617073432512370346
0.663117192686751510954934474285
0.659726276550757328998031425726
0.655722484506128910908273610403
0.651163590072422193699708259373
0.646101920675596019805198011454
0.640584871030885238951668725349
0.634655368130990771291521923558
0.628352292401572198876635866327
0.621710859155987560775713518524
0.614762964091721042514393502643
0.607537496218154782212650388828
0.600060621285810946723415781889
0.592356038497778181195485558419
0.584445213021912213235964372871
0.576347586584981974588970388140
0.568080768214891840273139678175
0.559660707002349044891786888911
0.551101848576934671974925095128
0.542417276832760197891047937446
0.533618842294177553320366769185
0.524717278380932294901128898346
0.515722306713437106395758746658
0.506642732491310421316654810653
0.497486530880937083409776278131
0.488260925259596134662132271842
0.478972458083808450002294421211
0.469627055077189492493516809191
0.460230083367553499673618944144
0.450786404143650509812601967496
0.441300420348149535776371976681
0.431776119874782648988542632651
0.422217114693455575213931751932
0.412626676287181026747674650323
0.403007767748504663885000809387
0.393363072850320572015903053398
0.383695022376290328924852701675
0.374005817969191689531527345025
0.364297453731172560242868030400
0.354571735787830022434974353018
0.344830300008056478411333500844
0.335074628053502632241134051583
0.325306061915117072924630292619
0.315525817079381321050846054277
0.305734994453412567416705769574
0.295934591165931737410943469513
0.286125510350064893305699342818
0.276308570003956199823136330451
0.266484511016124470117460987240
0.256654004434298921299983931021
0.246817658049049315494016809680
0.236976022356801652168911687113
0.227129595960742974858348475209
0.217278830462602823292428411150
0.207424134893304801252611468954
0.197565879725957266321856309332
0.187704400510554231251703072303
0.177840001166046951519561503119
0.167972956962083919130179765489
0.158103517219673361804410660625
0.148231907757264691483101159974
0.138358333106246650379134166542
0.128482978517599016887729135306
0.118606011779384595827835369164
0.108727584862913131957817824969
0.098847835413727366815628272434
0.088966888102039592967074099761
0.079084855845867454982034416844
0.069201840918869467200735812185
0.059317935953748901489746003790
0.049433224851070531324914725246
0.039547783602406724745570443247
0.029661681035888547847134688595
0.019774979491476593618237700412
0.009887735432576538752158512580
