0.009900990099009901110327369622
0.019801980198019802220654739244
0.029702970297029701596258632890
0.039603960396039604441309478489
0.049504950495049507286360324088
0.059405940594059403192517265779
0.069306930693069312976462015286
0.079207920792079208882618956977
0.089108910891089104788775898669
0.099009900990099014572720648175
0.108910891089108910478877589867
0.118811881188118806385034531559
0.128712871287128716168979281065
0.138613861386138625952924030571
0.148514851485148507981293164448
0.158415841584158417765237913954
0.168316831683168327549182663461
0.178217821782178209577551797338
0.188118811881188119361496546844
0.198019801980198029145441296350
0.207920792079207911173810430228
0.217821782178217820957755179734
0.227722772277227730741699929240
0.237623762376237612770069063117
0.247524752475247522554013812623
0.257425742574257432337958562130
0.267326732673267342121903311636
0.277227722772277251905848061142
0.287128712871287106178641579390
0.297029702970297015962586328897
0.306930693069306925746531078403
0.316831683168316835530475827909
0.326732673267326745314420577415
0.336633663366336655098365326921
0.346534653465346564882310076428
0.356435643564356419155103594676
0.366336633663366328939048344182
0.376237623762376238722993093688
0.386138613861386148506937843194
0.396039603960396058290882592701
0.405940594059405968074827342207
0.415841584158415822347620860455
0.425742574257425732131565609961
0.435643564356435641915510359468
0.445544554455445551699455108974
0.455445544554455461483399858480
0.465346534653465371267344607986
0.475247524752475225540138126235
0.485148514851485135324082875741
0.495049504950495045108027625247
0.504950495049504954891972374753
0.514851485148514864675917124259
0.524752475247524774459861873765
0.534653465346534684243806623272
0.544554455445544594027751372778
0.554455445544554503811696122284
0.564356435643564413595640871790
0.574257425742574212357283158781
0.584158415841584122141227908287
0.594059405940594031925172657793
0.603960396039603941709117407299
0.613861386138613851493062156806
0.623762376237623761277006906312
0.633663366336633671060951655818
0.643564356435643580844896405324
0.653465346534653490628841154830
0.663366336633663400412785904336
0.673267326732673310196730653843
0.683168316831683219980675403349
0.693069306930693129764620152855
0.702970297029702928526262439846
0.712871287128712838310207189352
0.722772277227722748094151938858
0.732673267326732657878096688364
0.742574257425742567662041437870
0.752475247524752477445986187377
0.762376237623762387229930936883
0.772277227722772297013875686389
0.782178217821782206797820435895
0.792079207920792116581765185401
0.801980198019802026365709934907
0.811881188118811936149654684414
0.821782178217821845933599433920
0.831683168316831644695241720910
0.841584158415841554479186470417
0.851485148514851464263131219923
0.861386138613861374047075969429
0.871287128712871283831020718935
0.881188118811881193614965468441
0.891089108910891103398910217948
0.900990099009901013182854967454
0.910891089108910922966799716960
0.920792079207920832750744466466
0.930693069306930742534689215972
0.940594059405940652318633965479
0.950495049504950451080276252469
0.960396039603960360864221001975
0.970297029702970270648165751481
0.980198019801980180432110500988
0.990099009900990090216055250494
