0.084365719086886392652502308920
0.159845310459406197978182717634
0.227276436140246063111192142969
0.287417794886336785964431328466
0.340956565760567875678077598423
0.388515150025839028913310357893
0.430657277505975266684856705979
0.467893537322838226621968260588
0.500686387271537913790098173195
0.529454690980578623893393341859
0.554577827370888787328340185923
0.576399412731518956398701902799
0.595230671929185106705517682713
0.611353491826497785766036940913
0.625023186865876434481492651685
0.636471003952210345744333608309
0.645906391209602137593037696206
0.653519052870897954043982736039
0.659480810460467914424498303561
0.663947288530246648718957658275
0.667059441487743431942192273709
0.668944936495686093280710338149
0.669719406010887863267555530911
0.669487582250960167051800908666
0.668344324719092552911092752765
0.666375550867913002406339728623
0.663659079033149579274208917923
0.660265391907085774647612197441
0.656258328042232164101221769670
0.651695708169530041331540815008
0.646629902475882700763065713545
0.641108344406555730188301822636
0.635173996033345455991536709917
0.628865769554231679450140291010
0.622218909059834901498220460780
0.615265336312176724931077842484
0.608033963928170884116752858972
0.600550979040476273773663251632
0.592840100218705368106952846574
0.584922810171627394204563188396
0.576818566513408015339336998295
0.568544992661704218228635454579
0.560118050740506467910506671615
0.551552198184080633147630123858
0.542860529578439665598921237688
0.534054905131951196395334591216
0.525146067035500485609134102560
0.516143744853817643125637459889
0.507056750981957460311377872131
0.497893067103453768051934957839
0.488659922498387688793997085668
0.479363864969647113234429980366
0.470010825083232497423324502961
0.460606174352869657262488090055
0.451154777939776485684575391133
0.441661042384620283751672786821
0.432128958839961496707360311120
0.422562142227337012023724582832
0.412963866703150828119106563463
0.403337097781329756429613553337
0.393684521427894507095146536813
0.384008570412895156032107024657
0.374311448178248795670697290916
0.364595150455644556597434302603
0.354861484846609565035890909712
0.345112088556836338337774350293
0.335348444458760441833078402851
0.325571895639978958758575799948
0.315783658580245207847525534817
0.305984835086315964947090151327
0.296176423101746466581829508868
0.286359326497684918422237387858
0.276534363940727778707895367916
0.266702276924833503457534789050
0.256863737046098161709295482069
0.247019352591766022664288016131
0.237169674508118183409166590536
0.227315201805790179090394076411
0.217456386455551681224918070257
0.207593637822578447327259709709
0.197727326682721915585005945104
0.187857788860181174062091713495
0.177985328522264035777666890681
0.168110221163564138580071016804
0.158232716308829540752256548330
0.148353039961044208538964994659
0.138471396818736131040239456524
0.128587972284268270417584290044
0.118702934282816655042758213767
0.108816434909879092285400759010
0.098928611923479348178034342709
0.089039590095707873973474022478
0.079149482436856849476569664148
0.069258391304160560331126816891
0.059366409406020011207960607180
0.049473620711561985818782716251
0.039580101274457567261944035408
0.029685919979082701913863928667
0.019791139216341090134587687999
0.009895815495779303541667992761
