0.008941319949272608091916936246
0.017783830819666501810161207686
0.026528514800656988192884000455
0.035176344318485042172994781140
0.043728282133207230231164430734
0.052185281434779295928194642329
0.060548285938186618970746621926
0.068818229977627209947854680649
0.076996038599759897280705445155
0.085082627656024478746132899687
0.093078903894045494915587823925
0.100985765048125619713914602471
0.108804099928841768729625982814
0.116534788511748144124169357383
0.124178702025199982905689921608
0.131736703037302116392481821094
0.139209645541995219453212939698
0.146598375044284190416021829151
0.153903728644621762278177357075
0.161126535122451008952282336395
0.168267615018919292069199400430
0.175327780718768533319007474347
0.182307836531412581493327706994
0.189208578771208224544864151540
0.196030795836927507203029108496
0.202775268290442234331294457661
0.209442768934623324561528079357
0.216034062890468780970820716902
0.222549907673462388224550068117
0.228991053269175903750465295161
0.235358242208117407479051053087
0.241652209639837245447324676206
0.247873683406296452247374872968
0.254023384114506756148443855636
0.260102025208447051873861255444
0.266110313040267110196168687253
0.272048946940780966841089139052
0.277918619289262314175914525549
0.283720015582543449994545881054
0.289453814503429773807852143364
0.295120687988431940063094316429
0.300721301294827325634173575963
0.306256313067051810783425480622
0.311726375402434530137441015540
0.317132133916277481056056330999
0.322474227806288205044893402373
0.327753289916373424794926449977
0.332969946799796745473543069238
0.338124818781709635118204460014
0.343218520021060458091710643203
0.348251658571888778048730728187
0.353224836444009038238789344177
0.358138649663092500929906236706
0.362993688330150776621962904755
0.367790536680429158700178504660
0.372529773141712983175466433750
0.377211970392056561429683370079
0.381837695416936018233400318422
0.386407509565836249088022213982
0.390921968608272663026070858905
0.395381622789259701278297143290
0.399787016884223356250060987804
0.404138690253372900862416372547
0.408437176895527831455012801598
0.412683005501412458748689005006
0.416876699506419479135388428404
0.421018777142849631722754111252
0.425109751491631659980896529305
0.429150130533528684217969839665
0.433140417199834648620537791430
0.437081109422568225841843059243
0.440972700184166566117482943810
0.444815677566684997135126877765
0.448610524800509558041028412845
0.452357720312582367583331688365
0.456057737774150262488603857491
0.459711046148037205671954552599
0.463318109735447514196948759491
0.466879388222303348676689438435
0.470395336725122625853856561662
0.473866405836438964183088273785
0.477293041669772766244506101430
0.480675685904152327765359586920
0.484014775828195464857373053746
0.487310744383749827601803872312
0.490564020209102447100946164937
0.493775027681757183728450399940
0.496944186960788902851504644786
0.500071914028775266203297178436
0.503158620733312411665849595011
0.506204714828118129688050430559
0.509210600013725644963358263340
0.512176675977773721015751107188
0.515103338434895863251483660861
0.517990979166213172391053376487
0.520839986058433845883541835065
0.523650743142566099663781642448
0.526423630632243733096231608215
0.529159024961672219689035046031
0.531857298823197099935100595758
0.534518821204499894328421305545
0.537143957425422091667144286475
0.539733069174425983405285478511
0.542286514544690234629342739936
0.544804648069849406510911649093
0.547287820759374987744649843080
0.549736380133608704134928757412
0.552150670258443332372166878486
0.554531031779662675340603072982
0.556877801956936924199226268684
0.559191314697482511064663412981
0.561471900589386008206815859012
0.563719886934597513850064842700
0.565935597781595189914582988422
0.568119353957726280768270044064
0.570271473101225834234639933129
0.572392269692916899614942849439
0.574482055087597087705830745108
0.576541137545110826678751436702
0.578569822261115307426848630712
0.580568411397538564067133393110
0.582537204112735795824562501366
0.584476496591345373587955691619
0.586386582073849638163665076718
0.588267750885838602847854872380
0.590120290466986663346915520378
0.591944485399738429265426020720
0.593740617437710560544417148776
0.595508965533811052139867570077
0.597249805868079297610506728233
0.598963411875248707971763906244
0.600650054272036548752566886833
0.602310001084160884232687749318
0.603943517673090068953456466261
0.605550866762527006947891550226
0.607132308464628289712550213153
0.608688100305963875058523626649
0.610218497253218528086904370866
0.611723751738638243935497484927
0.613204113685222984564404669072
0.614659830531668727182648126472
0.616091147257062710096420232730
0.617498306405333097224286120763
0.618881548109454060480061343696
0.620241110115411831138487741555
0.621577227805932164272917361814
0.622890134223971658755658609152
0.624180060095975486333941262274
0.625447233854904971472876695771
0.626691881663033911742388681887
0.627914227434521521331589610782
0.629114492857758333954620866280
0.630292897417491060352290332958
0.631449658416727732657136584749
0.632584990998424467889549305255
0.633699108166957181254019815242
0.634792220809379470480848794978
0.635864537716469668815477689350
0.636916265603568287900770883425
0.637947609131207959975995436253
0.638958770925539543128479635925
0.639949951598554167553345450870
0.640921349768104664512691215350
0.641873162077727044128039324278
0.642805583216266684942752362986
0.643718805937308458098300434358
0.644613021078413228615033858659
0.645488417580163953424232659017
0.646345182505021820240642682620
0.647183501055996313056084545678
0.648003556595127205852691076871
0.648805530661785589963130860269
0.649589602990790937475651389832
0.650355951530349085665250186139
0.651104752459811697562486187962
0.651836180207259197061375743942
0.652550407466908621856305217079
0.653247605216349280787824227446
0.653927942733605660485807220539
0.654591587614032244246686786937
0.655238705787039577010943958157
0.655869461532654129953812116582
0.656484017497913519001428994670
0.657082534713098853629276163701
0.657665172607806214344350337342
0.658232089026857480895671415055
0.658783440246053286770688828256
0.659319380987769876334425589448
0.659840064436400419722872356942
0.660345642253643116958983227960
0.660836264593636868447390497749
0.661312080117947065360795022571
0.661773236010402499118754349183
0.662219877991783612003473535879
0.662652150334366862871604553220
0.663070195876321655248375463998
0.663474156035967377320616833458
0.663864170825885668847377019119
0.664240378866895353482391328725
0.664602917401885040504794233129
0.664951922309512388764574097877
0.665287528117762816393110369972
0.665609868017376760107595146110
0.665919073875142375484870171931
0.666215276247055232516913747531
0.666498604391348115072446489648
0.666769186281391812443075650663
0.667027148618466458884768144344
0.667272616844406307734516303753
0.667505715154119272369825921487
0.667726566507981678100236422324
0.667935292644110223392317493563
0.668132014090510373272024935432
0.668316850177106847041841319879
0.668489919047651204309090644529
0.668651337671514300886599357909
0.668801221855358618562092942739
0.668939686254697130074475808215
0.669066844385334702494105840742
0.669182808634698478300606439007
0.669287690273052793266117532767
0.669381599464605847593645648885
0.669464645278502468173087436298
0.669536935699710844538401488535
0.669598577639798020477712725551
0.669649676947601024679102010850
0.669690338419790420765309590934
0.669720665811328719208006532426
0.669740761845825760545380944677
0.669750728225789848657711900159
0.669750665642779074993029553298
0.669740673787449170006880194705
0.669720851359503543953621829132
0.669691296077543074538596101775
0.669652104688819083122552910936
0.669603372978888389255303081882
0.669545195781173219096160664776
0.669477666986424968520452694065
0.669400879552095706692682597350
0.669314925511614200459575840796
0.669219895983572121700433399383
0.669115881180816773898811788968
0.669002970419455222916838010860
0.668881252127767500503807696077
0.668750813855032655297350174806
0.668611742280265097804203833221
0.668464123220866679453422420920
0.668308041641190064829913808353
0.668143581661018948203434320021
0.667970826563963449018501705723
0.667789858805771463501343987446
0.667600760022557970785328507191
0.667403611038952626621778563276
0.667198491876165755698480097635
0.666985481759975185056532609451
0.666764659128632253271007357398
0.666536101640690770153696576017
0.666299886182756817554206918430
0.666056088877162943973075925896
0.665804785089564088451652423828
0.665546049436460229742351657478
0.665279955792642652134816216858
0.665006577298567047584754163836
0.664725986367652343922429736267
0.664438254693508478787578042102
0.664143453257091231911601880711
0.663841652333785892103890091676
0.663532921500421313254491906264
0.663217329642212916063215288887
0.662894944959638854342642844131
0.662565834975245571136781563837
0.662230066540386075324420289689
0.661887705841893159153244141635
0.661538818408684448080236961687
0.661183469118301392342118560919
0.660821722203385419902588182595
0.660453641258087364995787993394
0.660079289244414835202690028382
0.659698728498515962748172114516
0.659312020736899873085690160224
0.658919227062596868371713298984
0.658520407971256660495384949172
0.658115623357184875708014715201
0.657704932519321383566079930461
0.657288394167158784853199904319
0.656866066426600614391873023123
0.656438006845762811458655505703
0.656004272400717569624362113245
0.655564919501179232952381426003
0.655120003996133570822735237016
0.654669581179412651827931313164
0.654213705795211986071535648080
0.653752432043555264939982407668
0.653285813585702812567035380198
0.652813903549506968637672343903
0.652336754534714735598299739650
0.651854418618217468228692723642
0.651366947359247272508753212605
0.650874391804523999560672109510
0.650376802493348282752094746684
0.649874229462646724186924984679
0.649366722251964789691669466265
0.648854329908411409100210676115
0.648337100991553394457866943412
0.647815083578262673746905875305
0.647288325267513342531344733288
0.646756873185132530323926403071
0.646220773988503860429943870258
0.645680073871224058379425514431
0.645134818567711931791563984007
0.644585053357774162563487152511
0.644030823071123581513575118151
0.643472172091853034103792197129
0.642909144362865836441756073327
0.642341783390260046004982541490
0.641770132247671654113219119608
0.641194233580572814368281342468
0.640614129610527216485138524149
0.640029862139405381071810552385
0.639441472553555656510582139163
0.638849001827934026565003478026
0.638252490530195060181029020896
0.637651978824738674411776173656
0.637047506476720482027076286613
0.636439112856018840425065263844
0.635826836941164819094751692319
0.635210717323232421094303390419
0.634590792209689613656564688426
0.633967099428211278144829066150
0.633339676430455078559589310316
0.632708560295799027350938104064
0.632073787735041747737341211177
0.631435395094066098664598030155
0.630793418357467272628014143265
0.630147893152143478978643997834
0.629498854750851766226560357609
0.628846338075728539251940674148
0.628190377701773772223248215596
0.627531007860303247092303990939
0.626868262442363932684941119078
0.626202175002115613011710593128
0.625532778760181429333897540346
0.624860106606962006914329776919
0.624184191105918273478891933337
0.623505064496821637121115600166
0.622822758698970857516030719125
0.622137305314378497023142244871
0.621448735630924176120970514603
0.620757080625477186686111963354
0.620062370966988685161425109982
0.619364637019551800278804876143
0.618663908845432097827199413587
0.617960216208067736332054664672
0.617253588575040645913816206303
0.616544055121016620901741589478
0.615831644730656879715979812318
0.615116386001501758151732701663
0.614398307246823760507936640352
0.613677436498453632296445903194
0.612953801509578455330995438999
0.612227429757510321906011085957
0.611498348446429806912760795967
0.610766584510100352112260679860
0.610032164614555894033287586353
0.609295115160763067763127764920
0.608555462287255766185012362257
0.607813231872743275907566840033
0.607068449538693766243113714154
0.606321140651890355677267052670
0.605571330326963974677312307904
0.604819043428899028036482832249
0.604064304575514743333997103036
0.603307138139922871644671431568
0.602547568252959631074361368519
0.601785618805594113567281056021
0.601021313451312266806780826300
0.600254675608478338588724909641
0.599485728462671341176815076324
0.598714494968999089152816850401
0.597940997854389477694780907768
0.597165259619858668216352270974
0.596387302542756070344864838262
0.595607148678988562728875422181
0.594824819865220844050668347336
0.594040337721055355935106945253
0.593253723651190001397992546117
0.592464998847553214744721117313
0.591674184291420823811336049403
0.590881300755508487299039188656
0.590086368806045147294980779407
0.589289408804826386756303691072
0.588490440911245360489090217015
0.587689485084305629492007483350
0.586886561084612679017880054744
0.586081688476345785687726674951
0.585274886629211454902588229743
0.584466174720375764017887831869
0.583655571736378386837884590932
0.582843096475027411251801368053
0.582028767547275838190046215459
0.581212603379078762699805338343
0.580394622213231570206914966548
0.579574842111191923521573698963
0.578753280954881432762704207562
0.577929956448470116825433251506
0.577104886120144211503202313907
0.576278087323854437684644835826
0.575449577241048948472723623127
0.574619372882387402512449625647
0.573787491089438272950928876526
0.572953948536361057364274529391
0.572118761731569169803890417825
0.571281947019377400742712325155
0.570443520581634500032919277146
0.569603498439336108916108969424
0.568761896454225479580202318175
0.567918730330375876036441695760
0.567074015615756876762532101566
0.566227767703787798758696681034
0.565380001834872913946128392126
0.564530733097922454710726469784
0.563679976431858853480605375807
0.562827746627107550203561459057
0.561974058327073477947521951137
0.561118926029601117200229509763
0.560262364088423336916378048045
0.559404386714592471996354561270
0.558545007977899077289407614444
0.557684241808276359719798165315
0.556822101997189955469025335333
0.555958602199014495504059141240
0.555093755932396848429277724790
0.554227576581603709193757367757
0.553360077397859639880550730595
0.552491271500668013061385863693
0.551621171879120186787304191967
0.550749791393193244282144860335
0.549877142775031746424474476953
0.549003238630219714266900155053
0.548128091439038400700667352794
0.547251713557710850466264673742
0.546374117219636357134504578426
0.545495314536611042299796281441
0.544615317500035889253240384278
0.543734137982114451581594494201
0.542851787737037239089943341241
0.541968278402154890471820181119
0.541083621499139244548359783948
0.540197828435133975411019946478
0.539310910503892571021822277544
0.538422878886904987538741806929
0.537533744654514977767689742905
0.536643518767022986715176102734
0.535752212075781941713614742184
0.534859835324279053736518108053
0.533966399149207848751075289329
0.533071914081530762175020754512
0.532176390547529409857929749705
0.531279838869845089099896995322
0.530382269268509620729901143932
0.529483691861964422820108211454
0.528584116668071035682885394635
0.527683553605110877704476024519
0.526782012492774454059940580919
0.525879503053142127733110555710
0.524976034911654343417808377126
0.524071617598071637367240782623
0.523166260547426098526102578035
0.522259973100963170722366157861
0.521352764507073906941059249220
0.520444643922217231590821029386
0.519535620411834764276193254773
0.518625702951255429518084838492
0.517714900426590074467014801485
0.516803221635619980389719785308
0.515890675288673494769398075732
0.514977270009496224112410800444
0.514063014336111456792366425361
0.513147916721671593087705787184
0.512231985535302802858836912492
0.511315229062940135307258060493
0.510397655508153413883576376975
0.509479272992967469058100959955
0.508560089558671268861189673771
0.507640113166621609330775299895
0.506719351699037479086484836444
0.505797812959785431097259333910
0.504875504675160291512270305248
0.503952434494655432395404659474
0.503028609991725605965484646731
0.502104038664543450565247439954
0.501178727936748114046849877923
0.500252685158185550484688519646
0.499325917605641877994315791511
0.498398432483570241746662077276
0.497470236924809683376480506922
0.496541337991296516385375525715
0.495611742674769761851649718665
0.494681457897468312978617177578
0.493750490512822381994340048550
0.492818847306137231001343934622
0.491886534995270019443580622465
0.490953560231300822902511526991
0.490019929599195713798565066099
0.489085649618465179155890609763
0.488150726743813323516008040315
0.487215167365782853003963737137
0.486278977811392731922524035326
0.485342164344769844142035708501
0.484404733167773438040626388101
0.483466690420615075041155250801
0.482528042182470751075840098565
0.481588794472087633469215006699
0.480648953248384913639057458568
0.479708524411048664592982504473
0.478767513801120370153796557133
0.477825927201579847558576830124
0.476883770337922674453778881798
0.475941048878731287619103795805
0.474997768436240919154300854643
0.474053934566899315417032312325
0.473109552771922403646698285229
0.472164628497841742937879416786
0.471219167137049088633915516766
0.470273174028334461915790143394
0.469326654457418779298194522198
0.468379613657481097543922032855
0.467432056809682083819978970496
0.466483989043679325714464312114
0.465535415438140753874307620208
0.464586341021250515126439495361
0.463636770771211736974493078378
0.462686709616742297690450413938
0.461736162437567709826424788844
0.460785134064907619944051475613
0.459833629281957645407175050423
0.458881652824367380905101754252
0.457929209380712798349577496992
0.456976303592964150368516129674
0.456022940056948988818419365998
0.455069123322811464049664209597
0.454114857895465684478608636709
0.453160148235045745490623403384
0.452204998757350651317210576963
0.451249413834285795221745729577
0.450293397794297889369374843227
0.449336954922807896295466889569
0.448380089462638797837001902735
0.447422805614438368060348238942
0.446465107537098782053419654403
0.445506999348172227914943732685
0.444548485124280690072851029981
0.443589568901523678690068663855
0.442630254675880574488644469966
0.441670546403609920460553439625
0.440710448001643606552590881620
0.439749963347978445327157714928
0.438789096282062862641737410740
0.437827850605179924592391671467
0.436866230080826867254728540502
0.435904238435090962688889248966
0.434941879357021110585890255607
0.433979156498995821689135254928
0.433016073477088314636063159924
0.432052633871426672307336502854
0.431088841226551722218829354460
0.430124699051770309488063048775
0.429160210821506515888046351392
0.428195379975646883696782651896
0.427230209919884862390659918674
0.426264704026060536889985996822
0.425298865632496692068542643028
0.424332698044332157216729228821
0.423366204533852430458296112192
0.422399388340814863074257345943
0.421432252672773011159534917169
0.420464800705396601898655717378
0.419497035582788113661223405870
0.418528960417796747073282404017
0.417560578292329342975364170343
0.416591892257657747666854675117
0.415622905334723014014741693245
0.414653620514437437627464078105
0.413684040757982762759326078594
0.412714168997106001235408712091
0.411744008134411254573592486850
0.410773561043650592417009193014
0.409802830570009712918277955396
0.408831819530392548411867892355
0.407860530713702040817025817887
0.406888966881119196195015774720
0.405917130766377642903108835526
0.404945025076036968503245816464
0.403972652489753114579684734053
0.403000015660545218842969461548
0.402027117215060514343605291288
0.401053959753837396817743865540
0.400080545851563385006954831624
0.399106878057333136489148728288
0.398132958894902855284669840330
0.397158790862941701860222565301
0.396184376435281204731353454918
0.395209718061162618152337699939
0.394234818165481171181596664610
0.393259679149027596700705089461
0.392284303388728106121163818898
0.391308693237881921600518353443
0.390332851026395866167462145313
0.389356779061016289311680793617
0.388380479625560548484486389498
0.387403954981143716640445973098
0.386427207366405012223253834236
0.385450238997730509904471318805
0.384473052069475795811115403922
0.383495648754182960615821684769
0.382518031202798758361183217858
0.381540201544889212570410563785
0.380562161888851446800430267103
0.379583914322124627016563636062
0.378605460911398683521156272036
0.377626803702819424657377567200
0.376647944722193650513020202197
0.375668885975191324533284387144
0.374689629447545136109454233520
0.373710177105249063966851963414
0.372730530894754885640196562235
0.371750692743165966902552099782
0.370770664558429552393192807358
0.369790448229527446422082448407
0.368810045626664584350606901353
0.367829458601455661082013648411
0.366848688987109261550045857803
0.365867738598612046718727697225
0.364886609232908776245807302985
0.363905302669082220123897286612
0.362923820668530239252902447333
0.361942164975142810501296253278
0.360960337315474277808391434519
0.359978339398916769020786432520
0.358996172917870948193552749217
0.358013839547914103356163195713
0.357031340947967845700361522177
0.356048678760464254455797572518
0.355065854611508469051983638565
0.354082870111041836391763126812
0.353099726853002837678729974868
0.352116426415485350709388967516
0.351132970360896579098408665232
0.350149360236113260658186163710
0.349165597572635655332362603076
0.348181683886740367395162820685
0.347197620679631724360802991214
0.346213409437591879136419947827
0.345229051632128913773556178057
0.344244548720123499929712806988
0.343259902143974893196087805336
0.342275113331744096356601403386
0.341290183697296967135770273671
0.340305114640444938967078769565
0.339319907547085630739047701354
0.338334563789339737294170618043
0.337349084725688697083967326762
0.336363471701110861022954168220
0.335377726047214608229296572972
0.334391849082371628298915311461
0.333405842111849481934626737711
0.332419706427940109261243151195
0.331433443310090003475210096440
0.330447054025027886492438256028
0.329460539826890441705842249576
0.328473901957348046742879432713
0.327487141645728563332795602037
0.326500260109140183484299768679
0.325513258552592332772945837860
0.324526138169116351583909363399
0.323538900139884844087134752044
0.322551545634329139833340605037
0.321564075810255700638151665771
0.320576491813962693999684461232
0.319588794780353291358210299222
0.318600985833049521467330578162
0.317613066084504236386010234128
0.316625036636112688892552569087
0.315636898578321334341012516234
0.314648652990737465184878374203
0.313660300942237124655065372281
0.312671843491070966525313679085
0.311683281684970336922191336271
0.310694616561252523467828723369
0.309705849146922840287032840934
0.308716980458778100793182375128
0.307728011503508147583829668292
0.306738943277795717001765751775
0.305749776768416248184934147503
0.304760512952336581893320044401
0.303771152796812271557058693361
0.302781697259483784101519177057
0.301792147288472534238934485984
0.300802503822475364447797119283
0.299812767790858358818439910465
0.298822940113749047075231146664
0.297833021702129108199130769208
0.296843013457924465026138705070
0.295852916274095767423801817131
0.294862731034727210133183916696
0.293872458615115517144289469798
0.292882099881856150513925740597
0.291891655692930407361984634917
0.290901126897791406644699918616
0.289910514337448077526460110676
0.288919818844549480818528763848
0.287929041243468464283949970195
0.286938182350382819940648460033
0.285947242973357274031798169744
0.284956223912424699840073571977
0.283965125959664888011246830501
0.282973949899284316078507117709
0.281982696507694308163394225630
0.280991366553588528542917401865
0.279999960798019364993649560347
0.279008479994474145602367798347
0.278016924888950578420576675853
0.277025296220030914362553176034
0.276033594718955277436123196821
0.275041821109695716618404048859
0.274049976109027260129380465514
0.273058060426600079928505238058
0.272066074765010434965972763166
0.271074019819870670744421659037
0.270081896279878219679915218876
0.269089704826884712485224326883
0.268097446135964256885841905387
0.267105120875480384068367811778
0.266112729707152551039683885392
0.265120273286123420142246231990
0.264127752261022641366849939004
0.263135167274032244488779497260
0.262142518960951365070144447600
0.261149807951258638993863314681
0.260157034868175596198369703416
0.259164200328728944189293770251
0.258171304943811963372723994325
0.257178349318245236254654173536
0.256185334050837432151581651851
0.255192259734444926166929690226
0.254199126956031029589411218694
0.253205936296724110068367963322
0.252212688331876433434075579498
0.251219383631120729560848303663
0.250226022758427479875109611385
0.249232606272161344440618790941
0.248239134725136645354126585516
0.247245608664672378296245369711
0.246252028632647085304441247899
0.245258395165553144678938224388
0.244264708794549756376568439009
0.243270970045516177204802943379
0.242277179439104872749055630266
0.241283337490792226809332987614
0.240289444710930832904693943419
0.239295501604800453510080160413
0.238301508672658007847999783735
0.237307466409787670702513651122
0.236313375306550582655162884294
0.235319235848433533364598702065
0.234325048516097256268153614656
0.233330813785424612261110155487
0.232336532127568301531184147279
0.231342204008997270880954033601
0.230347829891543898206407448015
0.229353410232449900219009464308
0.228358945484411629545107302874
0.227364436095625482847637499617
0.226369882509832920369774456049
0.225375285166364486277856826746
0.224380644500183384915104056745
0.223385960941929279099937843966
0.222391234917961339023761979661
0.221396466850400430725898104356
0.220401657157171165790643385662
0.219406806252044617178142971170
0.218411914544678231742125262826
0.217416982440657352571022897791
0.216422010341536075195278954197
0.215426998644876660504721144207
0.214431947744289391755145857132
0.213436858029472265041448508782
0.212441729886249514036578034393
0.211446563696609940441462072158
0.210451359838745355457234609275
0.209456118687088493901526931040
0.208460840612349679323855866642
0.207465525981554682610763507000
0.206470175158080859745268753613
0.205474788501693317321894483030
0.204479366368580967039392248807
0.203483909111392358148862058442
0.202488417079270566212301218911
0.201492890617887943083275104073
0.200497330069480700354134228292
0.199501735772883465047655704439
0.198506108063562447529903920440
0.197510447273649109023452297151
0.196514753731974106676361202517
0.195519027764098740629350459130
0.194523269692348260706538098930
0.193527479835844284927759417769
0.192531658510535885753256479802
0.191535806029231564506787321989
0.190539922701630587420495999140
0.189544008834353766568270316384
0.188548064730973796709889711565
0.187552090692045786424202447051
0.186556087015137483930971029622
0.185560053994858420445268620824
0.184563991922889886199143916201
0.183567901088013796240261399362
0.182571781776141250919209824133
0.181575634270341318421415621742
0.180579458850869567498875767342
0.179583255795195656512319715148
0.178587025378030950228946949210
0.177590767871356108864588918550
0.176594483544448538347992894160
0.175598172663908647095354353951
0.174601835493686630140786064658
0.173605472295109614089270166915
0.172609083326906387334531700617
0.171612668845234073167205224308
0.170616229103703720415552425038
0.169619764353405255707940568755
0.168623274842932463490896566327
0.167626760818408743203278277178
0.166630222523510285181913559427
0.165633660199491328235410492198
0.164637074085207862905733122716
0.163640464417141834330138294717
0.162643831429424151613361004820
0.161647175353858668644946305903
0.160650496419945082449132200964
0.159653794854901581734551996306
0.158657070883687661977390348511
0.157660324729026996015690542663
0.156663556611429277687363992300
0.155666766749211982201472892484
0.154669955358522570598722722934
0.153673122653360194611593669833
0.152676268845596457834901116257
0.151679394144996815274595292067
0.150682498759242278207892695718
0.149685582893948759819480187616
0.148688646752688391483587793118
0.147691690537010117401095499190
0.146694714446459067991312963386
0.145697718678596710439876460441
0.144700703429021415580280063296
0.143703668891386554529177033146
0.142706615257420732501003612924
0.141709542716946662599397654958
0.140712451457900428186675867437
0.139715341666349607274710820093
0.138718213526512507138832575038
0.137721067220776260953130076814
0.136723902929714785647874464303
0.135726720832107072833849770177
0.134729521104955229926503079696
0.133732303923501855136279914404
0.132735069461247440214535231462
0.131737817889967773199444422971
0.130740549379731507695368009081
0.129743264098916427640162396528
0.128745962214226516984183490422
0.127748643890709279169470846682
0.126751309291770974940760652316
0.125753958579193664268913721571
0.124756591913151568262740909177
0.123759209452226431880106360950
0.122761811353423525017269923865
0.121764397772188087687439406182
0.120766968862419568631061395081
0.119769524776487792938617360505
0.118772065665247894550304863515
0.117774591678055803867231077220
0.116777102962782375339401141900
0.115779599665828888954699493752
0.114782081932141372115907529405
0.113784549905224852128782231375
0.112787003727157830734739718537
0.111789443538606758643538796605
0.110791869478839830054361925704
0.109794281685740638399018109794
0.108796680295822165152053173642
0.107799065444240796396435655424
0.106801437264809020999400956953
0.105803795890009155744593272175
0.104806141451007223119873401629
0.103808474077664761314743202547
0.102810793898552590985850940797
0.101813101040963804866379405212
0.100815395630925841441438706170
0.099817677793213280268425080521
0.098819947651361081386589546582
0.097822205327675562647193885368
0.096824450943247500345201217442
0.095826684617963883705549221759
0.094828906470520349381025937419
0.093831116618432172660213552717
0.092833315178046882376605708487
0.091835502264555460283368404362
0.090837677992003609817039944119
0.089839842473303413439289499820
0.088841995820244823445221982183
0.087844138143506514393443751487
0.086846269552666791047279559734
0.085848390156214732238382225660
0.084850500061561320852554501926
0.083852599375049519103697548417
0.082854688201965079330513219702
0.081856766646547882149143049446
0.080858834812000943137455521992
0.079860892800501556698655747368
0.078862940713211635013202283062
0.077864978650287200445667679105
0.076867006710888613474352837329
0.075869024993191161443384373797
0.074871033594393621157792040322
0.073873032610728792124454855639
0.072875022137472808547720148908
0.071877002268955006436534915792
0.070878973098566680488552549377
0.069880934718771089975142274398
0.068882887221112396036737379745
0.067884830696224557344820027538
0.066886765233840600464176873174
0.065888690922801834704003454135
0.064890607851066400835193803687
0.063892516105717972463295950547
0.062894415772974499034830841993
0.061896306938197309666094270142
0.060898189685898836132071920701
0.059900064099751335056076584351
0.058901930262596012555231794749
0.057903788256449935378800120134
0.056905638162515009836894819273
0.055907480061186315412058434049
0.054909314032059439170119219398
0.053911140153938649777209946024
0.052912958504845564178253880527
0.051914769162025566073825899593
0.050916572201956417087487238859
0.049918367700355563421066307228
0.048920155732188129460435987994
0.047921936371673620747024813227
0.046923709692294125750411382114
0.045925475766801275578909979913
0.044927234667223335529140371136
0.043928986464872567252459845122
0.042930731230352611738076973324
0.041932469033565268612395726677
0.040934199943717296255041304676
0.039935924029327496409536024657
0.038937641358233923694065481413
0.037939351997599957133644466012
0.036941056013921252931808680842
0.035942753473033148270410208625
0.034944444440115886296727154559
0.033946128979701915839850556722
0.032947807155682552748832137013
0.031949479031313669785685505076
0.030951144669222253880125350634
0.029952804131413438698539053462
0.028954457479275330644696850868
0.027956104773586048367617351573
0.026957746074519450818485211130
0.025959381441651576544193957830
0.024961010933965827041092211402
0.023962634609859617684790578096
0.022964252527149890681368304968
0.021965864743078631488026886132
0.020967471314318839731294374928
0.019969072296980385633480281626
0.018970667746615391124898053476
0.017972257718223444422633860995
0.016973842266257858912847922284
0.015975421444630349965265736500
0.014976995306716830644311322374
0.013978563905362428529399743127
0.012980127292887638779106396214
0.011981685521092215115923629298
0.010983238641261114723612912769
0.009984786704169841195510848308
0.008986329760088845527987722051
0.007987867858788761515898002585
0.006989401049546154626179728098
0.005990929381147107671279350427
0.004992452901892974019559812149
0.003993971659604869661741588516
0.002995485701628883886543652793
0.001996995074840034016527834382
0.000998499825647716342941206946
